133	68628
913	750080
793	335425
864	664498
1137	833245
945	537434
874	725375
942	522271
751	383196
815	480525
1047	522075
995	660855
1027	607996
1028	595598
1147	455165
1083	799405
1181	770007
1113	592926
1150	681578
867	529757
1071	1010812
1122	460002
1134	498751
1047	704663
1043	849939
973	536182
947	600925
921	622804
980	447956
880	519022
1024	585054
875	384362
973	567823
1031	639882
919	417166
1030	638884
1021	277461
749	497664
932	756297
884	476787
967	458688
960	704505
853	514527
786	494664
1206	800416
1039	580353
1049	716706
890	616627
781	459308
1052	844394
1161	655974
906	688325
963	590496
969	713195
986	638731
1245	762105
1130	662153
1116	516437
885	529137
744	495578
940	713773
897	427990
969	699097
1045	760608
1026	655613
667	365415
860	751807
953	602169
1113	878521
1166	620171
1098	729480
1040	676452
1021	790928
978	872976
976	630467
1007	787825
956	383310
829	549692
941	530935
730	485819
947	593615
811	557346
987	510726
1018	720243
878	375713
907	668626
868	519803
945	811453
922	568710
1026	826792
1054	715415
879	440178
1251	757044
852	578513
963	563161
879	519918
1188	860237
1119	796380
903	579561
1108	549066
1143	771622
1044	738520
1163	717878
920	650496
828	410247
1086	476272
926	765660
920	628419
882	509515
965	779087
828	682249
884	682795
911	554375
1092	592699
1015	526281
1023	614296
1078	571982
1120	962366
982	522464
833	445416
738	245416
1098	639847
846	548522
1133	793303
998	707317
1187	666063
1209	1015630
1221	853370
843	643250
981	691393
969	571273
1091	656546
1098	705587
1168	680042
1090	603072
810	413919
680	417595
871	579007
1029	748213
746	524599
869	523813
1117	958779
850	587274
942	753084
938	730032
1048	475821
933	626784
863	483379
1020	641030
1007	611997
1083	632959
970	691614
976	507534
1146	578570
1016	648329
874	666516
1095	665897
1137	822297
983	718906
1105	803128
1054	832514
1012	751826
893	586929
781	451690
895	518916
867	456728
1111	744199
1019	590260
1086	849261
1090	616240
819	576599
885	632566
1016	876174
699	418726
914	320764
830	668087
845	824227
887	761940
1001	688738
1164	687502
1000	481494
1042	801023
1245	527923
973	520511
1054	661254
826	292204
978	459877
940	705779
913	447039
1097	666278
1094	880547
1105	883660
881	690938
1169	727345
928	336877
1099	579152
1040	786298
1403	874683
1067	383018
963	581327
1135	749743
1144	601514
911	662333
852	769765
889	584618
1035	693124
1102	569596
1023	600720
1011	736532
1209	851924
917	755597
1061	733662
960	632265
1029	817578
832	719482
916	611044
937	678896
784	612976
1135	823612
911	596660
1125	525318
1181	469527
1071	973852
819	570569
993	843334
734	381148
1312	860068
1123	988528
946	446768
1157	756969
994	534795
1248	784795
998	563865
931	492065
1064	420477
1171	931150
955	890758
863	520986
839	576087
1234	592784
1012	396987
871	712689
1171	879242
998	455664
1063	603280
816	450198
1110	510887
896	243192
1079	602060
1209	906056
940	665185
920	706647
1062	754513
1063	782978
781	390160
814	464627
987	861926
909	614138
895	733489
941	668798
927	654159
1305	681790
832	446236
1108	414815
1052	633996
1067	554386
1313	820279
1093	689915
1068	683147
1208	815017
867	445587
950	481243
913	686871
924	587939
723	652431
1017	759267
1099	718115
955	544649
894	611098
1013	531470
891	377067
1132	810844
807	525979
935	623098
1044	648822
996	409665
1023	486897
1016	582937
911	632911
991	624406
880	461281
1225	647524
1099	919151
905	564340
986	704481
1042	868946
831	543884
961	487942
885	492095
790	541161
774	698102
862	545652
1042	621340
1017	878318
928	607059
1141	501429
909	730968
954	810634
844	505377
936	569246
927	599673
1009	210852
1029	677017
720	387664
987	592266
918	666863
810	538477
875	377495
936	637819
716	391594
913	534662
861	582296
852	628602
982	685493
999	677330
1240	1217767
1126	514930
789	443957
1194	549418
1019	642321
1207	497759
877	453422
1068	391911
779	416564
768	553220
1126	640530
948	448604
844	584494
1165	803154
812	366327
946	728151
1030	822665
980	682908
942	445914
883	615472
885	504174
1068	542205
929	472534
1150	580082
751	368860
1114	473396
942	564313
775	589575
1004	593665
949	506660
1142	867905
1064	873720
870	368705
1015	633082
731	307578
942	594371
1149	498229
766	431571
1110	895163
1087	621818
1294	951592
1193	998287
994	898365
1078	640930
754	483596
765	425700
934	703360
801	438300
760	446222
904	451142
1038	770331
1212	926652
1230	575104
897	324240
1036	469806
1130	602965
921	574479
939	456843
871	595894
1198	643621
1405	826158
1012	708386
1121	606942
1050	917442
838	518395
1182	670472
1349	605222
722	615797
845	473935
874	405860
1134	584522
1112	701796
1182	746958
839	650501
1209	786460
963	825954
965	826835
1005	401892
1055	611059
1091	595031
894	700278
1037	726559
1192	787810
908	602606
761	569660
1087	764513
1005	722023
1204	1035745
906	472000
1090	842625
1023	805969
1135	609169
747	566796
1111	620137
1050	777558
903	627304
905	579917
861	422490
984	656246
1002	687131
959	617009
917	588917
800	517184
1172	768692
855	728453
986	734903
979	406840
801	347248
1318	953956
1277	884472
868	581896
1221	725159
845	791641
991	509049
844	351393
793	489534
1146	717497
992	642457
799	491241
1066	461982
975	531481
879	582197
1036	798021
1088	663557
1016	591942
1003	778212
934	946539
1078	672965
951	644500
1202	764654
931	688945
914	511399
866	445832
1055	563206
1007	832103
872	654729
712	489236
1016	677901
953	571939
975	731203
990	888494
1125	630426
979	660036
1025	550858
1021	770732
927	700166
998	789795
1142	579034
925	547295
1007	652014
1228	778328
958	624035
1028	652544
984	613424
1186	739056
971	605072
1178	808374
1182	652799
1250	717560
1114	859362
810	584133
1083	710522
978	542767
989	715588
877	559867
1175	432376
832	548831
1136	727196
1083	800293
1011	748844
1025	621595
1193	707080
853	543899
1152	659836
1016	575485
971	739191
945	743672
1049	828992
952	524238
1114	932206
1285	925292
1064	601057
778	295251
1024	760739
849	506827
850	477717
1172	729530
873	549149
908	733232
828	348932
1134	526026
1097	912742
1233	694449
882	535403
1031	604993
873	465747
1153	719729
958	492278
1120	996866
969	644652
881	620544
1317	748273
1175	999588
745	461357
823	537185
980	484756
885	463901
992	878314
851	553024
1075	811401
1121	643088
1144	716344
1011	496184
898	342549
678	369680
1098	373019
1263	1087482
1246	779068
942	476551
1116	470023
967	514556
1109	615244
992	592423
980	740253
1002	612441
830	459669
1062	861638
1257	681800
988	529868
962	585696
816	472129
996	412183
969	695010
1173	540726
860	575443
1064	375103
1000	608440
945	447753
822	426524
1082	748230
913	354385
858	665233
892	776625
1180	670329
1034	611741
1159	693273
995	731925
876	616136
1092	912637
972	550355
905	471419
1123	607392
1042	662837
858	524918
1082	786724
1002	638996
1041	587542
1043	766671
982	432854
1181	564464
1138	815528
1104	664724
1099	675998
1040	631019
1009	492840
1035	567253
769	555785
952	621084
1144	787916
1251	485500
1029	607668
1075	651032
848	393218
994	784497
1102	548320
1047	601648
821	351567
996	620932
1022	588784
767	287325
1034	596869
858	476514
1167	608323
916	546254
948	494690
962	366106
976	598577
1074	602683
1221	1131339
891	538245
834	365819
863	619113
798	347717
803	578424
1059	596397
1028	528565
1084	387441
1030	484924
937	503972
1079	540880
873	419748
1148	766963
1171	911121
1121	822436
989	722176
834	619792
1012	895985
1020	660184
911	755276
1112	743628
1004	536325
1024	694878
953	740074
1193	820638
890	479007
1045	738112
1003	653950
802	629608
980	609046
898	402345
996	578201
881	682236
1079	735334
1044	569249
833	386739
837	466681
917	535563
1062	467445
1077	568605
989	508775
1136	658718
967	467803
1145	588370
887	485982
902	558542
988	571485
1008	780597
864	764579
1254	676070
971	397984
924	574062
876	339812
1288	844259
1217	836638
1032	549264
1087	718264
888	393061
1122	770263
900	627329
880	452798
1037	644454
955	533853
1098	591787
905	692926
1109	701416
864	487930
796	635518
1082	835033
743	675829
968	492155
913	485506
1019	886042
855	563659
1109	613413
852	520498
790	491204
1177	390599
1099	679678
1004	602792
862	433321
970	778887
1234	548192
1092	756550
852	515673
966	369659
713	418102
1048	752852
1184	925370
924	697800
901	697088
1005	555897
1008	502657
948	492219
824	429719
963	706699
1015	767115
1023	715229
1226	706310
1099	530361
1087	669926
1173	572600
1018	577587
884	555977
1045	365430
1014	761558
1167	728923
959	559495
1066	908425
1193	785918
1089	658720
962	694207
1114	827830
913	405403
954	581524
854	468447
1183	618836
899	737849
968	775561
690	459736
1082	609767
885	751613
1040	778550
1024	750253
924	656425
1211	830223
899	625404
1125	626139
1135	740088
681	613597
1024	666428
1155	909733
1028	644549
734	404384
962	588685
840	455234
806	573543
995	669473
1148	852232
707	460878
1080	822353
1048	810057
1071	648068
1135	704167
1099	715336
1219	947129
1102	677627
946	620020
984	645728
1011	786343
1121	723997
956	610110
920	460012
1059	510610
795	411722
797	660264
1028	730249
1020	644120
950	621628
1050	749130
892	641533
1088	707927
1126	715227
1221	895865
1004	571340
1066	491266
959	578492
875	708832
864	607506
929	671235
1006	603703
903	595257
975	457255
963	593023
686	362293
1244	762624
998	557882
1143	778906
1035	516100
1207	622705
1312	743482
833	320493
1072	523953
1165	559158
998	521749
1094	860317
956	559199
1011	570137
933	572350
1010	554275
912	653205
1189	763785
1239	672771
1091	565660
1046	711506
952	556644
1129	836318
914	574330
996	674086
971	849045
1092	577711
1050	586802
932	556975
984	555679
1179	765943
1011	631148
1032	682381
1152	650839
959	666147
986	462920
1173	624024
909	555990
778	556589
1039	744981
807	599892
941	461341
1133	651745
979	705386
953	374969
1004	782940
654	405222
957	601323
933	407262
961	489523
958	667360
1086	751415
911	625808
863	438266
982	777290
1026	536211
1101	588181
891	501218
808	678673
796	574079
835	489959
878	598186
700	438827
1333	685617
1095	619103
900	483245
739	428053
1118	737975
884	476211
584	364223
1186	855302
1010	590390
1148	839250
888	564226
1044	540332
1071	318873
816	495748
771	354901
916	651057
1112	667774
1001	662747
1141	639891
718	365922
1041	426579
1046	870726
869	342541
1068	428053
928	468887
1090	771246
1077	633282
821	584148
979	571707
894	744115
992	810899
1136	671127
1091	471103
824	508323
1106	825603
1093	801738
989	545302
968	469792
1023	825228
950	583420
1359	873382
1012	585236
1068	499261
814	334430
1071	867918
1063	634254
944	740223
917	668564
1263	797201
1144	701037
923	526596
872	593353
1075	898134
1033	634634
1211	586269
1058	306307
987	486265
991	422119
1269	536735
1174	649875
927	705855
961	504967
1078	673611
1108	599502
1012	490011
854	566383
852	464288
1132	768080
865	553170
709	416299
1086	589520
1077	750975
932	799988
976	371418
1020	767085
1197	833902
1005	586321
1001	534620
1209	580121
839	306941
1148	704821
937	446660
1003	726332
900	440940
1026	702446
1052	680196
884	683467
779	468947
1187	834925
757	379375
1353	1022129
895	578944
831	395537
822	455987
1008	627688
825	502657
1142	781115
993	713942
1089	551963
1080	635545
1114	681722
809	507944
1111	812094
956	554750
787	554460
873	392472
944	509634
936	713926
966	507950
997	425275
965	612359
866	533676
850	394224
943	631075
1034	878513
929	557785
918	632483
934	656743
964	600472
974	598091
1004	539599
837	464149
1008	802903
1056	551799
698	259770
1016	722170
1065	732898
939	456524
877	376111
948	622775
1058	500395
1093	253217
1047	555142
1044	650986
1234	1061797
997	537030
1061	762616
816	550633
989	336478
951	697817
903	583204
1132	432763
833	665223
1121	641207
993	819432
936	517940
1338	765727
809	533354
1048	794825
995	602555
1167	845471
1073	717630
985	831511
1155	573481
727	378911
906	527496
1054	631411
1054	535174
1114	678606
915	497944
1103	500683
940	759639
977	782745
903	796720
805	435226
986	660219
1053	479541
1094	630635
1062	393510
1004	744265
797	563245
973	577569
900	517057
895	317001
1172	1072460
954	526831
956	569204
936	666182
903	555347
836	643031
768	517014
1013	753465
1141	815374
1160	668504
958	530200
1117	675692
921	553626
945	558589
796	557092
1079	866621
792	289054
823	366676
1245	946441
1166	708644
858	586813
1113	583299
1069	726296
1023	496496
1038	793923
921	623945
671	427933
1067	593166
1013	607934
913	834246
764	542463
846	637438
802	404943
978	520818
968	440769
1086	595742
1009	553617
873	589139
809	581716
892	596501
1014	726124
1157	767236
965	573828
1010	580054
1138	583172
997	651324
1149	883478
1006	780691
1098	785814
844	391791
1126	712641
1040	895550
1075	769815
988	672246
1168	829321
843	621219
965	412517
819	357060
974	568176
1040	701729
769	757394
1053	469416
1132	605072
896	530397
948	433659
888	366467
1223	628144
1043	586139
1027	635678
1015	686293
1018	599709
1049	551489
1016	715847
1118	656901
976	641891
1293	474228
1309	874303
1091	672706
1127	682305
982	492474
905	575571
1017	657086
1188	681341
1163	552812
1089	1082632
820	475593
965	765650
922	452378
986	538901
1195	744060
916	717992
982	598246
913	541080
1033	579741
1111	717240
926	567178
1130	481157
1098	657358
1047	925567
1069	529260
891	654267
1193	766491
1129	743360
717	397998
1055	789393
1192	719179
1019	531258
811	624324
1189	771012
856	501540
1022	728580
841	520764
732	456235
1181	869607
1048	649746
903	580548
953	629472
1048	795074
1213	924145
812	498702
1098	704210
987	602914
1128	507898
1099	718064
915	535523
837	505729
1073	653755
802	517061
896	624738
1140	995451
929	444952
1021	490621
1013	415199
1135	797997
902	668525
1281	590643
890	737754
1094	688192
1071	727834
1113	795620
848	667363
1131	747852
1235	966646
1119	523931
941	572837
1052	511687
1058	695036
846	558741
779	481413
1078	557671
867	707581
923	789761
921	508788
954	493186
1039	663196
1062	714089
747	237342
755	492274
996	739886
977	434757
905	369760
1057	523044
1016	612701
1088	664035
806	501058
1095	536871
1150	1135185
1087	715776
1338	768784
1251	535050
992	902085
950	378222
1067	423972
1047	704603
1201	1016525
989	854768
789	511539
955	786296
1133	544001
1169	914659
908	724850
1008	610478
922	454816
993	736775
1119	422899
1082	535948
903	363360
1199	913611
1174	743228
1043	559936
1086	959351
1128	404322
1214	771208
1054	460327
1047	709249
997	568505
1116	808583
724	404219
956	310793
937	543091
986	364185
1114	581654
695	453144
898	655955
883	671944
1013	903074
844	468368
1298	1305628
1005	718762
990	892512
1073	487176
924	588120
803	443791
1088	511365
1069	787745
1258	1107835
1000	922698
898	440561
1068	741230
1037	574232
959	476632
1014	551481
1095	1063374
960	519899
905	313577
972	482431
1066	678781
1095	593404
808	435223
847	457896
860	510846
1114	922035
982	682711
1187	868125
1018	582263
853	624833
991	499761
871	667645
893	551394
1038	665222
1081	534386
1107	765794
1084	553446
987	735213
988	381689
824	502326
817	549211
980	604261
1000	506669
1010	544585
864	484886
1012	880836
1060	628731
1039	751668
1123	603906
836	496366
908	618219
902	509612
1040	532990
1000	307378
791	339422
997	590554
886	609678
722	322950
1250	675732
1010	418207
969	550767
969	726069
976	576874
822	587759
1031	448428
993	561736
970	574335
757	609350
890	553740
1022	698308
999	598028
1134	902671
714	346335
1005	658632
1123	627954
883	521468
1219	876524
1129	754860
829	561874
802	521517
923	565532
912	606577
1197	929889
1270	953004
1038	754952
1115	584126
995	762832
1173	739045
908	700199
1070	762582
731	440779
855	624285
699	413087
955	805326
636	558070
1187	514298
805	778719
1023	729123
802	439103
1111	449423
828	559049
1068	318187
842	702042
947	322159
1068	758051
1095	654264
965	402980
1105	770699
1397	645680
1329	857208
1088	419350
954	471481
1201	562683
991	428354
947	527762
937	633064
949	562806
831	591255
883	508265
976	566585
1045	826808
945	426092
1069	555359
966	511984
982	576331
942	675357
992	567978
879	600809
1266	912188
1061	609891
914	496829
1340	951843
1006	612054
966	519443
881	580908
1154	527744
873	490072
1143	565575
969	619445
910	599419
922	614853
1328	858712
950	717764
891	438132
851	573065
844	442874
1020	369717
1090	835614
938	728732
1052	624053
1054	734256
993	543000
1162	895763
1083	687904
937	396889
851	488655
798	510333
1048	575421
979	607150
1124	964997
920	567262
891	584109
1017	591477
1037	497800
908	495057
989	712338
1232	1061974
1026	438835
1124	694857
823	426201
985	471802
1127	711405
994	521095
727	623829
1074	559913
944	570646
1133	626690
1092	654098
1195	979713
685	505083
973	634986
1211	630990
1079	652659
953	342234
789	461856
947	430869
911	537287
834	711045
966	460981
908	478205
879	631931
1165	990452
743	305908
1022	761517
1046	449237
881	548946
971	689599
966	710000
602	462508
1097	728353
1162	638775
1003	547752
771	461719
1227	772437
1107	614797
1019	763610
1090	735321
1079	605925
1112	665929
939	635333
1043	595303
1013	804443
1042	646642
783	572805
933	501374
999	460765
1124	840660
1153	926387
1130	719705
1149	802071
1111	750039
937	608080
766	333106
1075	644762
911	583301
853	435346
1079	680204
691	426944
861	735309
969	712599
1219	771115
766	566963
906	746287
985	488995
883	432239
947	721153
1049	596139
877	784998
969	396493
1196	768748
963	733564
1006	452389
856	584739
1223	925631
1037	673835
1139	695316
822	470135
906	576072
915	443844
722	457679
1081	606519
981	602330
1092	679593
840	639290
920	713352
1127	745090
1006	341388
1197	803340
1153	944743
979	693948
1096	795193
827	630988
1072	480581
1013	586733
1204	747071
875	579593
1018	779596
1096	697456
912	471712
1067	722297
1049	821472
1035	693998
840	539956
1045	445976
1052	557072
871	416782
877	547725
1089	534313
1206	903740
922	521240
1134	755120
1003	760846
926	358484
778	623728
842	445405
992	509055
1068	873074
928	678957
1000	907066
1173	835244
909	543222
967	490727
1083	435294
1045	563627
931	647957
980	525545
1108	780335
928	623775
1140	1009578
957	429859
922	612427
1027	603292
1115	852283
1008	767899
996	702266
1019	917375
1163	1105895
936	560510
1199	498374
810	405620
1119	868751
871	330120
1086	450068
974	776545
1018	412300
951	624508
1133	555401
1129	782289
1158	691247
1074	502589
1056	810610
882	619842
1030	585607
876	821667
1011	532526
891	494493
1108	798928
800	581428
1022	588489
1103	827884
840	514328
1122	753747
892	366360
1097	633289
781	465852
859	652726
1085	666733
1122	502131
952	490476
807	579071
1141	929448
1158	762032
1093	536039
1007	728525
1072	805067
839	584072
898	381823
959	842394
869	495471
1015	567608
1079	778864
967	476913
746	340115
1143	629045
1067	927536
822	596397
845	779966
1186	522914
996	620944
786	505642
978	617412
1115	562372
1051	579446
925	481106
941	689525
843	773094
1025	757995
828	503632
769	601078
1047	532133
970	403858
944	552570
991	736499
1067	912287
955	638918
1025	634418
1002	555340
1142	656821
1203	817850
736	466419
775	488553
1066	704669
748	349466
1079	561558
659	411267
943	619437
892	381334
919	687336
966	582234
968	545326
936	508026
1103	966093
791	486090
899	517034
1186	665879
1072	538008
1047	632528
1009	360431
1039	503077
1047	498366
937	388678
1016	522796
1026	580846
1076	745736
909	566054
1043	919404
779	545804
1134	759661
1132	938822
1199	783597
849	455474
902	529674
1000	822821
979	660656
1135	695422
1251	579167
898	587070
892	398297
1081	612570
865	561877
1124	1051010
806	606742
936	666144
918	573313
1056	473182
821	432291
925	534651
1079	828592
1077	532620
985	561365
918	774474
900	495812
922	606408
696	268380
691	578789
853	652410
875	505799
839	641973
1028	652384
1007	559189
1074	800366
1001	733001
864	581927
936	600854
823	393777
876	507415
810	552974
888	627298
1005	695482
882	590062
848	463917
837	445385
1002	362558
1184	836080
921	539697
898	528052
1049	633224
758	544329
1082	619953
942	477957
950	671845
721	490592
941	840406
807	494297
858	397023
936	741090
920	540272
1121	691789
1078	921402
962	683941
880	567331
851	679668
935	570944
1001	866387
1037	633476
1064	585678
910	667489
1123	654012
1021	520903
1116	734659
1038	676538
1208	449497
949	565286
789	547442
990	581154
1062	531399
977	675118
941	278362
976	737896
1032	706992
699	572127
801	540086
1040	413856
1028	627480
1043	601856
800	443135
998	615770
696	543540
917	521779
1023	616798
949	638868
949	329309
1215	816053
962	470072
1073	622699
972	678372
891	471173
1057	876233
1071	395244
1204	805542
1120	832650
1210	598172
1114	583100
858	526848
821	442465
1109	576538
1009	647455
1005	731500
895	476179
889	630877
1174	508751
1070	723155
882	522063
866	403558
946	645824
1036	703778
1194	840744
981	814230
1066	532879
998	884509
909	715452
919	511262
1011	574608
1078	923926
1193	735143
740	431999
850	410519
1174	740758
1022	668093
1018	608018
1137	571528
1131	642795
763	551724
1080	829747
1010	552101
1119	649954
902	497302
1042	584009
1115	395019
1144	670656
996	596876
1277	572588
749	585817
1006	512814
1080	712982
1215	755225
1002	806452
787	454938
952	534891
1036	643601
989	623647
1124	950645
870	707454
739	344574
944	552742
881	794110
995	723564
1063	920563
1167	835883
951	459425
912	643546
1119	623204
1118	637589
984	367169
904	695818
1110	294723
1260	862399
902	797957
928	522730
1165	599425
1082	480428
768	599547
1065	460276
769	541684
710	307524
903	530560
861	469282
938	595086
1081	792710
1263	799702
815	655396
852	487629
1115	578569
806	447440
1051	745254
1075	889614
904	601782
1128	651249
874	589034
1102	541701
1208	1016888
1056	618688
922	681354
1022	438095
915	445959
1166	712632
858	570346
995	707013
1258	648406
933	330759
1068	646278
1120	642647
1053	462100
912	656013
1342	782300
1186	739437
867	507829
960	424419
1109	762558
791	534865
890	668547
848	616826
1009	491734
963	450251
894	438160
955	653004
812	414621
1102	656356
1020	501498
1029	584298
802	432369
953	641502
865	560734
1174	517500
909	610211
1056	709293
980	467203
966	615277
915	501188
1126	528359
966	728118
968	773421
1086	628446
1308	940364
970	630052
973	501591
848	553292
873	375312
944	655256
814	529394
940	705293
962	482636
1000	670554
1055	499557
755	418722
1245	655540
1042	362168
1194	901844
1281	1106309
983	523865
1045	528826
969	529464
1135	939609
857	435354
1175	533076
934	697610
1322	986390
764	402845
1028	721609
1164	837994
852	499024
922	589376
1031	684766
1028	637960
811	385094
896	657023
1031	444122
1130	685479
1067	263537
855	766387
1005	830260
865	602360
1259	820390
1003	473766
856	564524
971	614010
1197	780598
1016	488516
1071	680859
1098	557191
996	727255
1147	557942
1237	573663
1114	1014618
846	517788
962	540874
963	619259
926	622484
863	522868
1040	806117
950	453307
1089	599650
1004	802062
863	450007
1163	886205
1018	501471
1154	840592
1014	579852
1143	705427
938	642748
1197	887240
1118	700212
1033	582957
1101	750195
992	861751
1101	547178
1145	725519
901	703338
1054	718558
938	482431
947	691149
1100	817706
1007	620853
1152	816377
938	649599
999	692446
1052	900648
1080	759729
828	532650
870	334324
1156	509525
1193	495606
887	345762
1299	622175
852	279702
1095	790132
894	608321
1213	669397
1171	768335
1048	817653
1166	966396
1055	469522
1090	675656
890	673278
1037	665563
888	486791
877	576901
872	409110
937	701722
765	460300
1025	789150
1034	410278
916	610848
1102	756170
1103	636408
824	681310
912	629944
1071	478662
1073	702973
1009	382275
994	753902
828	572956
1005	470162
1059	701161
887	322108
1038	699777
787	420286
1068	515441
1018	575703
1180	596792
1197	875910
860	446273
850	376238
699	455586
1031	1017422
865	640955
1038	911820
1070	838539
879	425153
1013	533571
1076	635173
1164	610618
1032	573842
766	603448
987	474578
765	467969
1085	538119
1101	581346
1042	595852
1019	445237
1110	662646
946	633261
885	639761
1022	947538
978	619794
851	485359
1046	522240
756	400925
978	380626
810	544829
1091	929926
807	532360
957	835957
813	234135
1205	587746
922	479840
1196	427464
886	580958
805	537045
1101	711408
914	594341
1106	929212
1280	752338
1100	743553
1141	734603
1143	714987
1196	526604
1068	572513
1097	868344
982	579984
1133	795677
987	565743
1047	650474
877	331194
1147	437170
1099	507421
899	742215
1239	902742
923	645318
782	424180
1064	579900
878	362179
956	534057
1034	681006
1109	568308
681	326651
998	536282
908	699941
1020	481110
1127	778204
993	717139
1012	751624
919	812580
1044	599853
1057	853276
818	432723
950	573299
898	668440
778	496563
906	442653
1024	417159
1045	803633
1045	483951
1197	1027283
1201	1055136
960	706399
973	684302
1093	590930
927	617934
1064	819519
1013	924774
534	304250
927	466652
913	537942
1169	823496
1267	946134
976	668471
1044	651608
868	634641
1059	602098
778	370056
753	591152
1081	666714
739	525865
952	626940
816	671069
1229	638122
935	660819
977	720949
824	502772
999	988614
802	473497
1149	780707
795	432864
1075	580073
891	719924
902	666091
1130	656512
894	303308
893	489440
979	500914
1107	756615
885	478051
1121	775980
770	418147
1373	988725
964	760204
862	327120
1208	864900
945	549229
825	610631
822	405981
1029	549992
817	437145
956	677970
1080	712146
878	668520
1040	475676
1066	496756
833	756779
1013	679951
882	447545
1202	887745
1208	710403
1110	545000
1274	1086586
1188	973212
1029	795780
892	635935
1057	769575
1088	335693
860	736684
759	637744
1131	646754
1084	398005
901	576305
853	519936
951	495266
792	639751
849	532416
1111	455846
1232	929181
1078	805211
992	438210
981	725173
1200	499416
1152	911212
1050	781676
758	477073
933	455842
953	457383
1144	806436
1263	822598
843	601392
729	542804
947	495532
1036	831176
1264	874155
911	525524
1003	540918
1037	774621
1225	838045
1166	661167
950	432893
858	494171
1066	625276
957	486937
1004	620708
840	516296
862	514462
998	643926
825	618314
996	697477
931	659104
984	605215
1180	882844
969	690455
905	715790
782	552719
1050	619667
885	467619
969	594455
868	418432
917	708021
940	552598
1072	629572
1081	575019
837	613530
1144	865232
730	425082
1106	952913
819	573967
1251	661550
1056	738817
1139	700320
851	328768
957	681275
977	419251
917	557578
923	561547
1143	517382
954	582216
840	647163
1119	676749
1122	673220
956	603625
1053	351188
1055	974327
1043	790232
1245	566566
942	527233
886	585838
1080	844634
1118	604026
912	714232
766	405371
997	415376
1123	652103
865	552909
954	421451
960	625091
742	480875
918	435173
1034	540097
1265	751173
900	690858
1133	831021
1057	546054
1089	711276
1073	589508
1040	527793
871	616520
1205	841412
887	425511
939	714683
1131	606292
886	572906
982	465154
1028	385504
781	534962
979	765667
737	435719
1002	723190
1185	678782
1180	665866
871	409741
868	527642
964	713101
900	570346
947	766776
1064	749210
959	533932
1200	640716
1138	528879
1199	844082
1108	707653
1259	679891
1018	728326
1203	840434
866	585944
1062	611807
1125	747425
986	580288
976	929107
850	477680
1002	558496
785	343200
1222	601546
1113	643468
1008	752855
925	647685
914	503474
779	313184
944	698411
952	477214
990	779198
878	516267
954	398802
1000	561862
1044	711270
953	620408
806	372205
1057	659088
970	478197
1128	685692
834	660379
969	682549
1092	697972
1160	1187585
711	412574
846	560678
1082	699064
959	441951
917	606337
928	601217
1149	750050
1326	1092814
1066	389390
1037	591794
1251	995153
881	628646
915	263642
900	526334
716	313526
1187	522119
1326	874203
848	551955
938	736538
1170	916904
852	452802
727	600573
1138	517526
676	573640
819	617691
958	738006
1195	891253
952	781534
933	666705
1327	641624
1029	586851
1131	465887
1241	986753
1008	628471
1142	879488
1051	722067
846	452465
984	652595
1171	716594
896	607795
863	453009
1076	542240
907	578868
989	555706
752	653930
944	624705
866	572092
1118	900485
956	622227
1011	725259
954	620385
949	511748
883	653112
1042	586927
762	530134
997	371338
1035	477479
847	423737
1305	492486
980	568457
1051	654117
987	593392
1096	646910
940	504833
1009	988783
1084	869754
868	506253
1113	783803
921	640306
1214	582621
950	497477
1081	674388
941	437314
897	676503
1212	641801
984	913092
1338	818644
922	706543
1011	516617
990	595193
918	429418
928	734980
1041	620847
935	413203
1046	590747
788	618010
844	690513
1010	795088
1161	850856
1238	796660
965	509165
1210	777702
973	607095
1175	617016
936	704160
802	472723
945	822779
1091	750150
1086	535302
798	625221
1033	723355
901	664702
949	564324
960	594667
963	630134
1088	378063
957	547434
994	774481
1061	784412
1018	552646
1083	652966
1084	557676
1243	729520
1081	581630
977	695933
883	477859
948	528490
1012	843916
781	441491
936	679836
1163	792293
764	410503
952	551541
897	490656
1028	503197
1041	673881
1143	424024
984	426006
935	592020
1065	714207
1170	820532
812	446486
840	613735
811	378788
967	578299
1193	620376
1084	980182
1055	592039
1017	625481
909	581989
1006	662063
1099	679781
929	657402
1114	635655
999	779445
1180	657709
1070	549498
983	690125
897	691213
938	494074
735	530661
762	440355
971	543761
992	746186
681	298658
1223	633919
732	517327
1156	737501
854	452429
943	707295
1024	513194
1077	771020
1018	385662
945	492641
1046	670839
1104	989754
1091	1007692
1003	360103
1081	889512
1215	394618
818	572127
971	501331
840	693687
1053	668949
1178	616162
1103	448251
888	437046
1123	693978
772	472083
1073	712872
1028	430515
957	731610
1282	656947
812	617688
1150	1097684
1147	888153
1056	636746
1097	515714
973	703455
1092	729743
1053	571512
1152	644295
1001	706438
1098	695587
1013	564164
1006	593195
818	418962
1218	889546
1232	765226
856	633516
1104	533425
1042	441550
1009	683063
1014	774619
1133	459678
1075	977249
1030	686242
987	726765
761	361267
1117	543784
1041	555300
850	402171
862	563648
1082	729978
993	728701
1004	739057
925	461641
807	398291
1026	569993
760	217447
1040	809315
1061	928159
850	613441
1022	309775
1218	744361
910	647962
982	554777
1035	612331
652	322150
1083	709279
1245	842843
790	618435
1203	618604
854	548290
782	323174
997	741182
897	594012
1080	773970
1053	513071
833	399119
860	305876
1151	874773
1038	472168
950	491262
1097	740006
945	605581
1063	578881
886	561066
1167	796417
1054	692800
958	688109
1098	654356
1164	798472
936	583560
996	607242
875	353482
1056	429110
928	739729
986	342018
997	484535
951	734968
957	414091
1088	540047
922	531175
869	691007
952	501162
1192	656721
925	630938
1129	897897
1256	484915
1041	794260
1073	405503
832	499140
1054	677674
1006	429281
1116	451738
1115	669153
1168	796474
1052	432842
1181	656381
953	563547
1110	638158
948	308963
943	486023
963	634762
991	575291
1120	699020
1084	745062
1002	851553
703	289500
929	535392
973	522091
1172	983579
979	739160
878	470307
1015	484582
1215	598127
774	465900
1142	522674
916	639458
1080	573185
1000	792550
707	466294
1040	618792
1026	689476
1096	859185
740	481052
1050	629094
1125	650486
1013	530412
966	616836
800	402537
989	608841
1244	644037
1129	687603
1011	600062
1265	335345
1258	661826
874	811767
975	482070
1170	758107
616	279023
1020	404316
1115	651421
886	503466
912	407225
1084	744057
1109	578864
767	558457
926	469181
1043	693185
745	629456
903	640319
726	644671
832	592520
1125	653134
1123	610599
750	434279
1067	492027
890	510998
881	404271
841	421498
898	403901
960	405215
1051	781684
947	536628
950	514032
1177	645185
777	342323
1261	671462
984	558257
1183	897572
1093	677712
1039	715307
1027	684630
1172	714430
1136	683098
1220	846927
657	378272
1161	633774
1207	894176
861	446404
1083	529278
922	591246
1210	722616
1012	880731
910	471619
983	674367
977	675842
981	685502
1003	382858
1211	973767
1017	646961
980	597679
785	621481
1200	890191
979	381845
765	510613
1102	652738
871	504020
933	576829
1096	608169
1135	934891
773	403708
791	430360
842	640470
1094	627110
940	455847
996	666610
1107	638289
902	284752
970	487551
1277	562474
676	489291
986	741392
1086	775942
1020	607016
974	557801
1097	428269
866	541828
1033	553584
1159	565969
1018	425091
1187	897737
993	793248
884	492095
992	817399
769	564928
954	857339
1062	635343
1192	1021906
927	576442
851	651075
991	717468
1253	735793
946	560744
634	397957
1261	814304
1074	727784
937	698068
1125	593577
836	527528
1269	1139395
931	811768
995	584732
1018	579581
1170	987314
830	595258
867	560978
1127	796498
1141	603336
919	643443
726	348241
898	300288
1153	724905
1064	670753
999	595760
1151	366163
980	530356
959	776159
952	546833
1345	649259
1192	514519
1299	877965
945	505434
1061	827784
976	623354
1013	817253
962	520338
926	597334
807	389551
948	850787
934	646670
1011	783211
1071	589587
1288	717625
951	735791
1158	623848
578	268208
1020	812154
1040	396060
838	480022
936	525759
1113	632818
903	478808
1018	764002
868	551395
986	460704
1271	970629
957	590428
842	583819
1089	473684
969	572544
933	432405
1310	891245
769	504771
985	660697
1009	586817
1160	501892
945	597116
888	482904
956	582707
1018	615929
966	426786
1203	657415
1033	646613
990	794671
988	828537
889	599647
871	510729
707	335890
837	491900
1198	724758
1046	436667
996	512175
1095	1024007
1301	814774
993	640838
963	521481
835	658896
852	720058
1111	764611
1005	489869
923	459098
837	651977
1072	846764
805	378301
834	645980
934	739860
962	682858
1131	854915
1092	586950
1095	659351
1030	773495
1180	654411
860	458896
785	598408
967	471018
1048	728666
826	392429
1009	590985
1286	495016
1150	645285
960	488385
819	502192
1088	796307
1201	769267
1158	724102
1204	773518
795	584802
1147	720051
1049	602936
1024	759381
1119	568788
934	619096
1226	710231
992	669806
1067	399245
859	474430
866	532610
683	382493
836	589878
879	453787
920	415185
1003	645340
906	469838
1087	524258
965	556979
762	569446
968	485846
1050	603345
1062	715221
808	484369
993	637349
852	775917
1060	660688
1062	541560
945	578029
896	442553
951	602660
961	792667
1075	649956
807	537208
799	474500
928	593486
1255	927309
856	513507
935	703051
1066	449900
740	612822
948	328557
920	618694
912	458641
1004	535987
1175	654937
921	694770
946	582074
782	458910
1065	1044154
838	450526
963	480390
991	700533
1196	720997
1205	848146
920	559953
848	422721
1072	710398
1157	827162
844	524976
1223	842674
941	587730
1076	640507
985	575904
829	374472
782	637244
988	561827
1145	665509
791	621994
1208	890486
873	523815
1047	695645
864	471401
1212	963159
929	516613
732	531848
963	593144
978	588964
841	355532
1138	557558
1098	578386
935	496801
867	421593
1046	592237
953	447005
826	641968
743	475004
919	703541
832	539723
1005	333679
929	675740
799	545306
1129	858411
992	549249
952	663652
1010	531133
1011	658437
907	743960
913	608190
977	546150
925	648686
822	595621
1093	678945
986	522812
857	517152
925	598828
1242	732069
1288	904460
1222	615198
1016	572082
888	631990
980	519480
1153	822776
1143	635725
1031	693641
830	412236
1000	543923
872	496027
973	527706
712	380427
1022	659057
981	800882
1105	728785
1078	474483
891	404569
1120	636515
1299	771602
922	690766
1115	789545
972	653724
1090	711686
952	418776
647	484994
870	484821
1089	719756
803	410418
1209	952825
791	497877
901	678373
1041	618148
1115	745550
1307	942626
1115	461742
1128	696892
1210	1050293
1025	447123
929	512953
1247	742183
956	474574
1066	757647
1204	572778
1023	739358
936	648243
884	777280
883	493323
794	398283
1059	882424
1081	526679
1094	804494
1074	666130
1229	1144125
1208	848005
1004	674888
1204	490040
987	518579
1044	554450
1037	580475
1182	931586
1131	737747
857	553781
956	486317
1086	464270
994	546069
804	504963
801	477030
991	600995
1065	680048
1000	736521
1033	850260
1056	668608
909	414900
1014	648870
733	533945
1020	645069
897	538530
1024	635798
799	537133
1164	777412
1007	809586
1079	783679
1141	661102
1026	626709
1053	694384
918	724663
944	505025
931	605999
864	553433
1127	769407
980	550681
1017	665928
918	698092
848	250224
801	470692
1005	779481
1041	497895
1284	575786
945	648964
1104	756806
1227	747585
957	386421
1171	669755
1024	666380
995	740126
1005	559457
1185	643863
902	439143
982	555230
1137	728124
928	440939
1244	915810
739	472101
1012	476213
885	655202
986	731871
956	770213
1089	769277
988	620760
966	679709
899	605813
1065	727955
1068	821127
1019	601137
1086	1010317
920	500372
728	378193
950	622565
1032	537328
936	595372
996	694741
779	407732
1161	603607
920	309883
1071	536479
899	635818
1083	607094
996	742339
1179	573925
1096	815940
1165	584058
991	416702
1110	732925
1186	778443
916	577781
1044	470014
1307	1210781
1187	780920
953	647487
1155	770460
1078	699568
972	632518
980	730000
887	564625
886	401421
1011	773717
1176	1097089
971	653441
921	891461
974	460004
1121	616890
1205	553463
917	508916
1202	1136734
1118	1108321
868	472268
842	537326
981	716296
785	591009
1089	639766
1091	623318
996	723217
971	715529
914	720188
794	563283
910	502946
1143	833913
929	519084
953	601006
938	618243
919	621445
1079	661467
1218	703075
1201	671123
858	332525
685	509080
874	748928
947	500140
1048	868642
1072	680878
893	200281
1026	354383
1043	709709
1181	520134
852	414894
1015	357791
1041	660665
1090	662978
1048	861823
935	670376
1012	693480
1088	743569
857	617165
1072	749403
1168	821090
929	624898
1157	644800
1106	645299
1001	535356
1059	888062
1107	698024
1232	583946
1075	770134
776	702177
1124	664218
1051	680300
1020	816813
907	502036
1071	602890
1177	988945
972	805700
989	430366
903	732626
905	689879
957	746565
1064	981338
1220	825592
1183	677057
1294	770480
982	631474
1107	668795
936	600270
1116	664870
803	303802
875	527155
962	438102
1062	547120
688	414681
1037	616410
973	736230
887	459685
885	512825
1090	804078
1133	834357
995	699000
1047	664512
1067	874085
854	654697
1191	709215
1100	687005
1015	497978
872	634083
1137	804674
947	566969
1039	617026
1099	914220
838	780483
775	593079
1047	778544
851	608649
1007	421648
934	580953
953	630773
884	470001
962	551680
950	624353
959	612576
1150	790285
891	406395
988	654277
1323	765241
1070	747698
1082	544522
1173	959779
804	468771
987	585238
997	550896
844	438404
876	567579
897	409447
1093	795673
965	648451
1071	902248
1090	820441
1318	1176225
1175	982595
1112	643598
1118	435524
989	789789
1022	696532
881	651981
917	590666
1225	786709
925	607130
1160	791747
1003	559631
1018	717579
957	788626
935	729705
1040	780692
1093	588484
1038	452155
1143	732933
1280	955943
1205	767038
1145	663713
911	293469
1016	738176
1180	903473
1011	642850
841	407898
903	433601
991	606979
1058	501062
702	387053
1057	754806
952	610795
1001	647286
1029	604092
1003	798238
941	669311
906	596622
1077	502663
1115	680184
767	374171
850	514134
1060	785349
866	380212
985	336695
999	638338
1082	908437
936	690563
879	671965
967	757226
1076	831073
1186	682396
804	248819
765	563563
818	466571
1028	299616
1161	826937
953	540609
1196	704388
816	731295
1199	602088
1089	897556
1102	836622
1245	900200
1047	630063
992	515933
779	579658
1063	559550
942	672619
980	767606
1091	505851
1272	767131
969	514724
922	361267
850	383978
880	676729
1196	353939
1139	849396
960	646001
960	555061
869	534573
1064	787554
1214	623689
780	491269
977	444871
1108	669399
1046	564541
951	573529
929	767519
942	811159
962	538534
798	568398
1080	699468
935	569253
1138	564544
907	595942
822	454137
923	777772
1079	770356
922	680018
1212	595463
1020	576996
1079	664017
1222	530363
720	325907
1170	765227
909	596339
904	626219
1103	579435
1000	813190
1218	669040
1089	796483
1165	891761
1023	548501
884	527771
824	568832
926	643922
1118	446458
1008	427834
1044	779445
1137	793183
1110	480803
1187	821644
859	432804
1095	887039
881	525353
890	505701
1070	737975
962	678892
990	721307
1112	535210
1124	694755
799	489863
825	422674
1245	604476
908	949159
990	801008
783	530137
1070	623825
1115	749425
848	377008
810	533543
771	569701
897	580611
880	678397
1094	748514
923	699027
1044	756647
790	522652
1028	522344
962	561053
1041	838362
1197	654366
804	413144
904	773268
917	435027
1058	591818
1141	720602
701	471488
1024	720272
1022	808667
951	598307
951	357031
1172	716486
725	551129
1134	745820
1081	599301
849	406042
910	457136
1072	715015
989	724963
1152	632702
918	574449
1023	654436
842	495665
983	394256
916	563126
876	630280
1052	550182
926	562208
851	559029
1030	904755
753	410612
875	365034
1069	957360
1203	730868
1047	587358
1144	683975
937	484457
950	511396
1240	671158
806	466954
1001	527919
1048	845368
829	466121
1013	591459
527	400500
1020	712807
1295	1029578
1006	417262
905	710584
836	562377
1104	634985
1179	646128
896	585839
1140	472586
1077	681068
996	353267
878	423341
679	377193
924	636177
1067	517384
1123	774199
907	644132
675	478926
1073	467329
1001	757002
1086	712426
972	652777
833	669153
856	397187
859	442734
1090	823678
1210	830366
1005	507126
866	571649
867	630955
1010	538067
903	571369
1234	629913
1116	791217
1062	624727
920	649455
1018	584077
1044	600563
1250	1103183
786	538932
987	517289
1002	674374
1234	884347
1113	518478
978	548983
1106	498427
1062	402986
900	374085
1219	729469
1106	912819
882	296557
922	368574
889	417439
984	664793
1064	309918
1254	973964
1172	655572
777	384452
1208	326283
744	442559
1256	783430
908	465298
1137	870868
1172	609197
1090	483040
1170	697875
1243	707161
1118	498772
991	624576
981	484147
748	431837
846	652922
867	415100
1127	858515
1056	662638
1226	751384
949	478134
1145	688237
1119	489556
964	665222
789	441752
1102	745019
1153	438225
1026	743713
894	550721
1115	978205
958	567186
1019	636907
739	448222
1088	809289
871	585781
897	647545
1165	961748
966	600963
1326	699345
1118	768681
935	597566
1107	684468
913	588682
1101	671297
954	686066
899	456919
1237	715237
1138	602828
1141	562720
1016	604287
1081	716492
962	377069
949	418710
1144	505832
1057	582292
958	699023
1036	855544
814	459658
975	590054
879	419421
857	517363
931	670656
858	432739
1021	622788
1111	879463
1313	702296
1144	680024
737	482748
719	439361
1008	438278
1023	504067
1090	811351
948	625682
1010	442682
991	597105
891	641677
1026	750232
1189	800873
917	612512
879	400113
1082	684733
1099	725502
1077	827173
1268	946274
931	778115
974	644683
786	654702
1068	639764
989	646641
742	563224
975	640854
933	559072
904	351628
1025	577354
968	650516
1166	605427
1080	597002
965	499905
1031	904148
1161	611903
999	761608
1155	712376
1047	578746
818	622992
1059	694130
887	431607
1068	748764
1063	755217
1135	799774
1023	567269
1226	1117221
1100	639124
939	526078
994	429356
1093	700376
841	662685
1103	697937
1010	667218
803	475039
975	513651
862	522734
929	490159
737	490681
991	751450
1064	699949
1030	881436
996	628398
759	530915
996	458858
1062	465876
1131	677669
900	560619
968	776670
947	531754
1044	972646
1132	511125
919	551252
849	522932
1133	549662
1112	745058
1291	919733
1099	549572
969	494726
933	689852
1035	719917
1198	860874
1281	836078
1143	607754
1114	914171
1056	691187
800	348001
887	640798
1229	481758
1023	651430
905	704710
886	623642
966	438060
788	488542
1170	817867
815	492938
860	503582
886	707210
1074	447336
1082	421242
1136	441065
1127	775909
783	413865
1042	551236
1197	718419
904	518737
1015	826299
1112	740778
1007	632657
1258	681084
1065	496671
978	731059
1026	465789
1130	719953
994	357207
1169	658558
838	348664
846	614847
1030	584511
918	809765
1206	727433
1008	816429
1041	758728
839	625585
949	547428
858	491485
1065	622033
1313	1002224
948	485949
1033	702685
1083	780889
931	556082
1065	788316
988	733107
887	502750
1094	639204
915	500225
922	720840
781	614158
1127	756383
910	743608
1017	609018
993	465999
928	648607
1005	814959
1135	826549
1058	757122
1026	338847
1044	616439
750	466801
817	434933
1086	545303
952	464394
699	534302
1085	772356
1216	519686
867	555858
1175	857628
1093	626832
1186	685136
829	607938
833	553120
856	445839
980	474780
774	486086
833	482237
869	375070
1016	576510
974	686131
835	442681
1117	620131
860	575398
997	452569
982	775231
978	698429
1059	653652
942	520470
922	708191
965	600642
805	514601
990	465994
846	509163
1050	716299
1237	800323
714	541620
1147	766253
1184	815643
1288	644090
999	516238
1101	480818
1158	680970
995	522735
1219	662806
1056	559131
952	478621
941	572915
1024	833599
1099	544134
839	421137
1049	840774
867	492000
936	407464
1119	1037924
787	389457
864	617840
849	382153
1051	775183
1018	663264
1017	738515
1211	731784
1112	938319
1104	906350
1101	761468
838	484552
797	359123
1114	466118
1098	607002
1056	599529
1067	643380
1020	700094
947	551959
1144	601338
908	711124
1187	817823
904	473815
1273	683770
1065	705265
729	470071
954	672238
955	908856
1034	801981
1147	376627
929	577856
911	595130
910	496959
1061	556489
878	455824
883	577542
1019	624077
955	454884
1087	691236
1051	570171
776	439366
0	0
709	651762
820	586269
952	557477
1086	1006352
1110	610744
920	745413
959	659983
1099	547780
874	708474
1041	422432
1000	443389
1337	973011
897	545330
979	677578
840	575641
997	654025
1030	522322
959	868824
963	572586
944	598505
969	808525
986	621483
1193	604116
767	375368
925	407979
960	591830
1018	731205
1061	917092
811	439391
1019	583750
992	691367
1195	759903
1262	680341
888	514929
947	658510
1142	784775
872	661288
871	427218
952	811692
1111	973520
1117	585229
886	361941
834	528616
996	712903
920	533111
1185	557194
1142	731312
1015	602341
1020	705539
924	658304
1089	796470
962	425813
894	533322
1217	829315
919	395716
1134	759965
944	767488
1164	536109
873	548889
983	675509
1049	641605
1038	590398
1087	586573
938	592842
951	588528
613	475199
1078	715409
963	468934
1018	748541
943	760120
1011	765702
876	316262
1064	551767
1113	817223
773	602774
991	672346
898	525355
1180	815049
935	423618
1252	577182
957	472092
840	589694
813	583556
1153	357523
1114	738731
960	344533
1037	743534
966	572052
1111	659998
979	769558
935	479484
1038	878218
1147	635030
1274	753057
1082	882684
1182	428039
1184	733855
1115	466660
1145	745904
1100	870217
1233	853474
1020	377342
993	560879
1072	633594
937	576791
1038	562264
968	795281
983	851957
1113	844325
1091	662539
1203	963508
1082	677121
929	377371
1009	519328
761	337490
746	431711
1108	754420
1056	812312
979	581368
922	487762
985	658216
981	600568
964	700619
1051	706254
1093	609858
1146	811538
807	611454
993	738476
1181	935220
1168	331372
1036	727934
1232	709442
874	482248
1147	688948
792	329130
1188	471547
967	559934
813	539382
1018	467296
1171	622866
862	400566
967	329567
1167	873363
1081	561357
1263	842497
808	566665
785	661146
948	842060
1044	891700
961	705199
902	401030
906	554694
959	388099
1064	709789
1161	792848
1022	514478
1010	918278
1023	659486
1114	787845
1151	684877
1026	371545
902	435271
1075	704682
1041	552049
960	555597
877	534370
765	371210
954	428961
1087	921901
971	644175
1008	654183
925	578228
924	642734
993	410324
1041	683357
940	450972
964	727032
1115	718364
1043	928474
1171	419500
848	657790
938	761380
1011	649413
1043	541183
986	747146
1253	1231134
1017	552757
1258	582619
915	595850
980	507227
980	473339
1079	748773
1100	556029
839	486829
1055	476510
932	626052
1081	903003
954	416987
1039	722600
962	470125
869	525772
954	727339
732	460380
855	493392
1113	466507
796	583669
1060	740150
1159	744764
966	598852
1000	624573
878	616627
926	422972
902	691700
1202	756223
941	455597
912	648892
1050	817405
1001	581258
1082	736936
1009	603072
988	655975
974	621132
990	485693
970	761320
1162	540480
933	674921
930	531220
934	948077
904	474640
263	229073
