8	648
0	0
0	0
0	0
920	589404
1221	854754
1265	831751
1260	1139069
1185	558254
1176	452419
1207	632265
1199	504363
1075	771258
1303	1078870
1068	913032
1269	779956
1195	705257
1269	822209
1286	1136677
1140	940895
1105	778036
1090	739924
1095	589150
1253	534632
1271	648466
1260	704863
1198	772806
1195	735241
1161	749618
1255	684685
1222	763347
1199	983471
1069	677693
1050	579437
1075	758313
1140	626922
1150	918756
1219	730132
1083	524480
1098	617992
1268	1037190
1190	493183
1187	773137
1296	584889
1126	759957
1331	674407
1211	554553
1229	698025
1282	956316
1242	681593
1257	998458
1135	806972
1255	599355
1211	879863
1107	536431
1142	395036
1208	762820
1191	687019
1237	948882
1138	865355
1096	455865
1172	892510
1323	706711
1257	830591
1170	586107
1023	550629
1143	782394
1300	963344
1166	691055
1117	338774
1285	528148
1259	861107
1253	887415
1038	716460
1310	601562
1309	844231
1238	584181
1144	541861
1118	572482
1083	305273
1179	582268
1251	616935
1098	547717
1030	524961
1293	1032835
1117	698437
1238	759893
1200	657275
1169	588839
1231	862872
1103	568228
1290	531174
1198	1004653
1139	851267
1190	503880
1172	965496
1156	979749
1193	739601
1221	828071
1134	598814
1272	881101
1098	620960
1178	936187
1019	669233
1080	749235
1256	945423
1107	769489
1169	759020
1278	586039
1119	537413
1170	879308
1261	792739
1111	458787
1143	811761
1226	769700
1244	785606
1130	593480
1132	624200
1166	685334
1245	476799
1301	934871
1075	506592
1173	735484
1214	872421
1157	736264
1216	552386
1176	938593
1233	770415
1118	770237
1164	490828
1083	736850
1217	706838
1172	980972
1247	821060
1077	657425
1244	751637
1215	773866
1309	461006
1257	623110
1342	873366
1070	765222
1167	1080066
1146	660843
1319	1013274
1162	661518
1094	723802
1182	702494
1067	836662
1194	919586
1111	545841
1174	635490
1254	895040
1074	774827
1229	961452
1026	703157
1192	854529
1208	764829
1320	608231
1288	1089548
1236	842428
1019	697364
1187	550218
1169	881883
1240	550102
1288	846606
1185	780574
1129	776734
1189	595895
1243	580489
1152	969772
1105	788596
1209	618638
1075	507803
1195	1027270
1224	878792
1124	846064
1096	745707
1310	880324
1227	520168
1258	725873
1130	506568
1017	697721
1227	713055
1087	700078
1180	790032
1218	1002789
1239	499712
1038	822815
1301	1190792
1195	731361
1244	942781
1280	846225
1143	500989
1118	486401
1167	990342
1148	628401
1323	850037
1188	546234
1161	474234
1191	804279
1163	685749
1194	705890
1238	851698
1182	726761
1208	601531
1254	640679
1171	744084
1222	729535
1171	862204
1323	666094
1270	1034200
1030	740527
1193	671655
1296	874634
1185	934465
1169	471564
1181	799170
1282	508177
1315	753986
1160	599408
1279	911490
1017	346699
1201	888257
1301	840505
1171	575604
1198	1041186
1144	773790
1127	841347
1209	819530
1226	588477
1283	1121258
1226	728041
1117	837194
1314	685855
1166	777307
1040	427998
1277	845064
1255	779283
1273	862119
1193	716156
1257	1005614
1064	546975
1177	710137
1248	731927
1239	517533
1096	777323
1122	658116
1354	845100
1330	1139432
1350	911500
1067	778557
1144	576000
1320	1077162
1160	943698
1354	732557
1240	540830
1191	610722
1215	906418
1221	673699
1144	734380
1371	902892
1159	762622
1205	964896
1159	829544
1184	615967
1123	821647
1013	827431
1247	775384
1128	637506
1183	995756
1324	841842
1034	664360
1237	820856
1210	723610
1149	701082
1072	728454
1076	459235
1276	740524
1003	550724
1168	939645
1148	742691
1232	909421
1079	509400
1167	584376
1211	819765
1048	494797
1321	672767
1180	1123127
1272	506630
1160	1012078
1321	702101
1066	473576
1185	526846
1336	1152666
1205	887219
1157	679656
1182	551381
1195	868814
1147	825068
1322	911933
1223	653813
1098	542395
1202	706030
1195	970660
1208	1110205
1129	706021
1327	802632
1339	802279
1223	555775
1204	594956
1057	854195
1246	771250
1191	481121
1351	724435
1262	1140671
1108	361003
1130	754412
1262	922986
1256	905339
1121	617611
1120	662753
1186	721836
1260	828554
1152	777164
1277	1073609
1238	842433
1244	834695
1060	775826
1161	793650
1157	600927
1184	776248
1160	628592
1087	349304
1156	911412
1226	616653
1221	519157
1198	821970
1187	817739
1170	869718
1220	648762
1234	905759
1127	608442
1059	755615
1097	779512
1303	833435
1211	747361
1271	1015586
1264	643598
1019	619331
1100	589585
1205	500087
1228	639424
1148	858745
1377	909534
1262	831105
1190	469663
1230	819676
1081	828423
1307	1247244
1125	587484
1254	838147
1358	697125
1303	879417
1183	724480
1205	567462
1073	622086
1219	884578
1166	578979
1193	758645
1193	827941
1252	887644
1235	826389
1255	943481
1263	807143
1156	904264
1123	595589
1178	844628
1255	664175
1230	931563
1261	606911
1122	774204
1300	879902
1188	686253
1109	934318
1101	570076
1154	696714
1294	891617
1262	754067
1170	704165
1203	673469
1282	615308
1277	1030509
1172	624790
1127	589765
1248	744320
1142	893205
1152	804668
1182	834241
1354	917753
1172	948137
1145	706916
1108	766391
1350	733613
1098	660074
1110	590785
1163	559480
1262	553559
1136	697947
1222	1055236
1211	735961
1421	883195
1188	829879
1203	773017
1191	1085240
1217	749935
1211	805526
1182	675175
1214	844869
1132	631005
1224	708701
1114	837014
1310	772703
1312	752328
1085	906994
1120	673027
1323	906795
1307	933252
1257	662625
1050	472065
1277	631771
1095	821342
1051	691797
1124	844079
1105	416140
1106	700668
1227	674558
1208	916068
1200	678653
1217	728585
1312	892981
1323	611227
1228	933543
1210	463130
1088	618462
1190	733698
1283	656009
1051	756747
1226	643329
1180	575944
1195	688082
1252	852133
1153	638894
1436	924316
1123	773445
1176	698942
1208	881205
1282	1055556
1190	483190
1222	873523
1069	512577
1187	748720
1312	871499
1316	803394
1159	623469
1161	646050
1036	628368
1320	831528
1178	835060
1134	656510
1299	437466
1215	446041
1081	685161
1097	661557
1103	676230
1185	738104
1147	644526
1063	935364
1344	842345
1097	631806
1227	810185
1056	584751
1241	818273
1309	694856
1214	641271
1265	1035706
1077	469567
1312	986301
1178	808082
1148	711917
1009	617436
1095	690348
1336	513299
1281	752702
1268	872736
1206	737533
1194	951569
1160	639479
1262	745631
1228	630327
1046	665523
1077	656767
1238	729036
1235	511033
1167	810159
1165	871365
1132	809543
1262	510017
1196	679008
1293	825422
1227	988942
1290	567724
1153	581294
1217	769055
1080	558355
1287	521897
1264	670984
1291	811939
1202	789249
1311	406622
1237	738873
1244	922283
1265	383021
1127	620777
1237	629657
1229	630200
1169	634633
1218	626999
1101	492533
1046	606310
1184	586223
1354	1169949
1194	705493
1188	685982
1141	376214
1224	806530
1116	640142
1131	516080
1265	938443
1247	666482
1053	578487
1248	881336
1366	1039806
1217	707358
1230	490632
1077	624520
1169	954164
1247	1031052
1276	928555
1235	799945
1173	890648
1139	885230
1175	525992
1235	820601
1165	602981
1240	757529
1122	629401
1301	783200
1182	856260
1226	680446
1198	727964
1099	656229
1104	706272
1241	626416
1343	694374
1106	694172
1085	913201
1301	1159567
1150	683878
1067	566634
1025	472159
1003	661096
1184	696614
1110	521432
1224	832020
1225	783266
1179	619210
1192	738038
1160	738702
1143	911837
1280	665890
1189	586503
1165	719585
1179	775651
1184	846852
1245	956505
1172	851474
1164	607204
1149	770036
1070	618445
1183	707732
1246	848776
1101	806746
1070	783496
1149	679525
1188	824425
1180	629613
1261	719589
1293	673506
1066	628177
1124	692939
1251	745193
1164	698277
1322	841810
1233	478213
1284	683454
1234	1043078
1258	1054531
1117	842510
1091	504996
1201	560500
1006	617532
1294	848369
1190	650510
1154	707970
1266	1091105
1143	652002
1175	939420
1177	576973
1327	1058134
1203	549170
1167	877890
1265	1137366
1154	777159
1078	833830
1133	802473
1100	604676
1263	893112
1260	693473
1263	772569
1216	899344
1111	558638
1137	679152
1123	784148
1257	803092
1271	880579
1178	676362
1228	1012451
1204	892642
1223	699786
1255	783222
1205	556496
1230	500710
1321	767401
1169	781200
1246	897527
1194	615618
1230	637457
1342	742494
1292	601066
1291	807049
1191	1025108
1339	694841
1002	699796
1076	539170
1150	716203
1296	559037
1166	615513
1011	803810
1188	953793
1097	493890
1300	700577
1057	818229
1166	663302
1116	505685
1255	1114167
1139	914991
1238	853001
1207	1070157
1279	580269
1110	765992
1210	614721
1217	700642
1189	609175
1279	566366
1204	678329
1187	1000245
1251	842895
1187	837599
1267	829453
1133	455833
1211	677798
1061	660429
1113	789696
1124	640594
1246	654635
1083	395007
1110	813804
1128	579598
1194	718134
1228	678174
1167	495881
1257	689119
1157	848127
1276	696844
1216	963065
1174	940151
1100	623410
1070	489354
1196	542541
1202	494330
1268	769819
1253	832734
1221	357192
1202	798393
1279	1012360
1175	943521
1075	663388
1178	654513
1233	797440
1212	1045095
1119	916750
1149	793721
1089	626580
1114	939887
1202	779867
1165	553628
1352	1053214
1107	767065
1204	504544
1238	623222
1102	913291
1172	674077
1221	619378
1204	662464
1292	889609
1161	792643
1323	847175
1236	724942
1240	823472
1247	574641
1136	736850
1102	798326
1205	709991
1247	661967
1080	795365
1313	918670
1229	603707
1246	807105
1315	923953
1259	741472
1211	897142
1069	615372
1284	570661
1224	593019
1187	772911
1167	725215
1379	680692
1155	452002
1198	783659
1225	664659
1242	861568
1267	777403
1079	705040
1111	606666
1107	777437
1202	701188
1345	918731
1300	792316
1104	794745
1375	829496
1082	813852
1196	880332
1265	756223
1198	1040541
1148	629288
1223	920977
1155	638375
1162	707031
1136	557364
1279	631764
1125	679489
1249	840932
1176	1043082
1164	840193
1186	609371
1217	952519
1081	720715
1110	525167
1343	916393
1124	730954
1186	672767
1224	573073
1205	691217
1129	997772
1193	667391
1374	753128
1256	711484
1208	775846
1138	894013
1173	822335
1092	670197
1231	603807
1310	513619
1292	703600
1005	660960
1159	720473
1125	888342
1202	547379
1163	594412
1066	667678
1304	835135
1217	984974
1213	898946
1304	567299
1241	575164
1330	842638
1225	802038
1142	550039
1336	971489
1238	900845
1144	840754
1312	984333
1094	1035010
1173	544569
706	339494
1391	921656
1201	875709
1117	805756
1185	677396
1185	808820
1387	819148
1223	773802
1157	595121
1097	579533
1231	729418
1189	615009
1136	983084
1153	794523
1178	803966
1226	752461
1320	872874
1155	661069
1149	596813
1333	678983
1335	902420
1350	569626
1213	912637
1323	1006169
1172	643933
1224	550197
1249	813538
1355	755682
1267	783288
1164	742146
1016	649083
1298	735639
1225	564216
1106	473542
1140	927534
1086	775866
1151	649099
1174	559186
1067	594601
1320	881957
1295	839171
1181	817362
1322	601420
1142	661206
1229	684048
1191	702574
1217	718931
1139	677396
1171	912132
1137	643954
1230	680946
1224	843672
1131	549672
1310	917461
1174	777276
1209	650736
1387	912434
1123	431982
1171	623669
1054	507662
1212	648932
1163	835112
1069	584042
1204	755901
1222	543312
1171	906889
1201	774948
1252	920266
1317	641824
1282	802777
1032	947329
1188	795836
1196	694796
1168	846281
1222	952015
1319	935612
1232	685260
1147	362641
1120	700351
1206	731855
1308	825456
1254	560856
1225	560905
1178	725221
1341	591868
1247	703380
1070	553916
1229	900462
1178	650177
1059	606146
1090	751584
1293	715341
1284	941538
1220	726848
1223	824088
1230	845240
1175	932628
1327	598212
1247	851701
1322	849456
1112	793382
1170	689448
1306	1001400
1193	606174
1177	717541
1315	1029081
1244	819671
1233	697940
1284	493899
1255	520704
1215	775082
1172	342720
1103	824796
1296	596304
1083	618738
1314	646926
1187	890862
1187	711658
1251	890654
1277	931013
1327	1083866
1147	527321
1300	741719
1252	700656
1138	608998
1299	919709
1179	846584
1238	849092
1102	539604
1219	697266
1115	800590
1086	758186
1136	827626
1313	595352
1254	876928
1254	972074
1134	606409
1227	853373
1173	807222
1233	588797
1115	735231
1268	1008261
1299	820844
1208	848938
1221	847736
1276	627479
1163	727076
1281	605173
1312	780874
1227	849083
1106	759037
1234	902756
1150	657074
1298	1049401
1317	758511
1277	753099
1274	1019781
1192	581412
1074	836834
1359	1009648
1162	709330
1217	625091
1120	566402
1134	748401
1174	736144
1265	910012
1210	752045
1164	754271
1139	954418
1252	501233
1207	833478
1193	522700
1242	916221
1194	652923
1232	612217
1029	610726
1084	768397
1240	730008
1181	578622
1305	846045
1159	858744
1255	805616
1197	556971
1211	918186
1336	1008206
1068	574907
1154	619214
1194	718017
1076	766779
1146	943930
1194	1055756
1219	745898
1109	513194
1067	528559
1181	1008622
1176	907834
1255	683868
1261	887204
1255	826171
1201	810032
1258	1041104
1201	625266
1126	826554
1253	911688
1182	676485
1244	781220
1080	957358
1027	717030
1317	853733
1333	694805
1378	1027140
1195	726929
1096	473931
1239	968696
1192	698589
1303	870711
1092	712686
1253	965178
1106	803428
1208	642109
1261	578241
1198	875296
1292	846363
1166	597146
1068	939197
1236	943934
1130	627725
1194	818979
1185	804285
1105	741980
1219	869177
1225	584736
1186	611797
1194	997068
1174	504869
1106	445373
1184	800580
1192	710025
1214	916854
1193	680437
1078	656668
1192	806528
1144	465556
1019	971424
1150	875616
1368	620241
1208	681926
1220	526605
1171	917290
1267	1060470
1200	908282
1382	850545
1251	751407
1088	520648
1181	711385
1261	758835
1137	360565
1367	1067897
1139	796967
1313	753738
1357	960988
1174	591046
1145	691237
1325	550867
1153	1044421
1156	498408
1250	682170
1177	724956
1224	966981
1217	602199
1161	673833
1358	825003
1217	901642
1204	572755
1163	624588
1156	625994
1197	654642
1322	922981
1050	677986
1087	647961
1130	666310
1271	886776
1240	558175
1159	806519
1225	743899
1089	397218
1360	768537
1179	631839
1072	722152
1284	1042416
1243	803487
1057	781405
1069	596341
1190	1051683
1066	987760
1219	515226
1203	711357
1159	810899
1143	842582
1412	1004947
1131	630454
1243	621777
1197	811105
1213	591351
1142	745216
1275	611996
1164	527862
1285	620286
1122	789371
1218	866709
1269	768213
1144	882533
1178	544017
1285	757622
1233	831975
1308	944969
1224	964730
946	668340
1116	344308
1255	851513
1180	733540
1263	956264
1090	758314
1278	597473
1130	692039
1247	626972
1268	561356
1249	607724
1166	713160
1107	435286
1226	530717
1191	787098
1099	631198
1232	906725
1227	397830
1250	1122835
1237	959946
1185	537649
1203	805679
1122	800244
1308	605476
1243	844565
1240	862372
1179	904157
1363	814992
1123	881033
1202	737895
1258	1015576
1155	812716
1170	674888
1197	906395
1329	907329
1064	660838
1218	1068776
1330	632259
1327	664180
1104	528906
1178	812453
1241	981137
1383	715792
1212	785790
1066	694602
1233	718822
1114	589038
1198	637246
1106	680692
1171	663125
1198	522722
1266	633128
1294	1093193
1150	546590
1110	735735
1081	625549
1147	633300
1120	642590
1200	748487
1263	1179262
1215	703242
1212	834520
1045	743464
1122	877004
1293	834567
1193	682811
1178	563317
1189	510906
1002	377643
1202	815301
1194	782258
1222	694238
1158	467505
1186	724213
1191	590879
1248	868264
1223	793648
1049	426002
1236	563737
1159	747568
1084	625293
1305	833216
1267	616299
1266	924861
1225	759984
1204	974841
1203	657546
1240	673389
1268	903127
1245	488627
1225	1046940
1147	809692
1329	631597
1188	770595
1220	884009
1128	913826
1249	686562
1136	748371
1204	859356
1178	796884
1216	1044123
1232	937189
1391	796769
1250	550941
1146	705822
1108	440090
1262	532216
1158	354804
1175	461532
1298	541736
1188	707804
1126	704489
1161	614974
1265	999610
1165	593709
1262	577710
1262	817019
1110	676212
1224	865588
1189	690763
1172	633299
1141	530430
1089	622831
1187	680946
1261	1004727
1237	908914
1176	353825
1114	855011
1088	724258
1233	466498
1221	550305
1252	834210
1150	799041
1199	840612
1272	664318
1282	922531
1152	723110
1102	631364
1318	1130544
1188	482893
1253	340324
1200	836314
1270	702981
1323	688577
1238	529572
1120	397248
1249	655509
1308	683593
1156	981848
1224	522156
1265	987633
1256	936575
1160	511300
1250	890488
1147	410176
1173	950494
1096	651933
1162	707340
1108	721097
1223	607141
1266	965781
1178	879946
1249	945347
1175	578706
1239	525743
1305	784539
1208	830540
1239	832455
1234	936811
1184	670012
1157	622204
1252	522851
1132	886813
1104	972214
1179	925408
1127	742798
1202	698225
1141	797861
1040	711242
1210	781827
1385	636371
1185	731924
1162	642316
1141	460979
1259	814446
1094	589472
1222	663053
1106	877437
1095	956361
1286	479942
1185	743738
1191	438920
1151	593255
1295	974738
1273	798029
1220	726561
1230	873832
1184	919226
1259	808055
1061	675837
1178	507785
1181	814233
1098	646312
1182	684690
1326	1017823
1139	803527
1322	737484
1019	568048
1068	596535
1242	819908
1126	621747
1248	959466
1241	620519
1235	955530
1115	618110
1280	770578
1135	397136
1167	821138
1072	688861
1234	1089348
1283	700681
1150	621370
1193	904042
1179	844090
1297	980459
1119	801893
1145	605464
1040	826051
1097	628218
1267	584994
1255	683620
1193	915744
1167	677888
1259	1032732
1257	640484
1151	817504
1290	637984
1171	568984
1183	697584
1113	423663
1212	629581
1319	671340
1268	782322
1233	751660
1079	663952
1215	775039
1322	684206
1240	678916
1133	623177
1177	758520
1311	839698
1098	784523
1188	709052
1315	962376
1208	806666
1276	943270
1213	768221
1218	819710
1130	724461
1179	628091
1121	529752
1312	817308
1105	879254
1081	704239
1280	450171
1359	1038542
1119	601173
1157	910589
1121	918906
1117	710688
1225	670608
1186	865060
1106	505436
1186	570215
1028	627491
1316	824316
1224	789819
1158	972692
1339	774047
1158	838050
1193	742988
1171	488910
1322	840446
1084	671135
1327	598196
1184	440776
1212	811757
1119	821854
1193	618522
1284	849138
1180	666983
1065	726183
1198	614089
1243	664554
1087	568224
1203	964106
1339	910351
1198	869333
1126	791794
1162	468182
1323	720196
1300	467376
1237	957798
1305	868658
1061	584407
1248	782535
1061	847518
1330	559419
1107	721427
1291	907662
1235	636779
1027	668975
1133	581459
967	596619
1258	814027
1218	992391
1274	714537
1344	841102
1113	759538
1214	860569
1230	858288
1148	585711
1317	714366
1237	647673
1007	686327
1315	837498
1167	904044
1240	868081
1185	1004717
1024	475613
1154	556657
1197	695113
1191	709526
1169	953761
1191	955881
1326	721410
1229	456615
1028	640692
1231	694064
1192	680631
1125	894617
1142	670005
1115	652213
1173	711425
1231	1122405
1295	1032373
1254	816598
1302	1038170
1358	647891
1176	642316
1340	1037314
1179	681519
1311	767864
1108	766387
1214	909015
1257	752168
1254	547359
1092	817905
1142	669044
1323	826781
1127	922698
1345	904796
1171	575849
1089	844690
1107	663110
1272	584552
1262	744715
1275	944474
1216	425504
1272	704979
1203	802053
1204	998819
1232	337685
1331	928376
1128	685549
1252	699413
1189	387509
1248	580337
1183	485925
1102	935050
1260	632490
1081	538171
1242	585781
1083	436742
1123	511871
1331	603914
1011	671366
1254	723672
1234	504575
1213	578174
1211	710855
1382	640675
1278	747207
1175	826527
1126	581199
1271	955773
1020	515272
1244	419440
1135	739686
1135	655207
1095	892523
1205	907216
1249	626525
1215	674572
1112	729374
1314	835822
1257	726555
1117	627006
1102	531639
1160	763336
1272	770025
1209	860056
1298	928063
1072	670706
1076	561223
1192	773772
1231	897655
1176	751033
1281	859021
1279	614036
1261	1008062
1109	636682
1364	815010
1158	475557
1144	566902
1214	1125589
1195	722908
1148	479890
1159	546303
1180	650497
1165	453828
1145	744869
1149	744892
1274	824434
1217	640049
1260	916432
1214	538754
1197	620384
1127	720070
1153	812616
1267	1085152
1194	1206046
1098	420238
1205	762300
1161	569129
1218	961875
1259	985316
1274	881805
1076	830266
1238	943333
1296	1045295
1279	498892
1316	651144
1426	809881
1281	1050939
1333	698628
1133	791740
1270	913193
1177	724685
1129	691767
1318	629448
1234	818504
1278	1016730
1235	740886
1254	634099
1204	462243
1050	780113
1122	785662
1164	832385
1186	701634
1137	732315
1162	1051820
1296	1011046
1202	957159
1067	606495
1155	620481
1252	668825
1146	932113
1261	851716
1188	947100
1108	504268
1183	765003
1142	896434
1146	784379
1195	798855
1223	747321
1262	621148
1303	719660
1143	883776
1209	722282
1030	534920
1204	627026
1366	1086586
1348	578777
1338	831691
1184	1048643
1374	961091
1186	579153
1071	527149
1294	742960
1133	722928
1292	703114
1251	744585
1283	1047263
1369	921854
1203	649981
1204	629087
1215	755969
1194	928150
1089	573687
1132	511234
1191	877786
1219	662426
1077	665670
1166	816767
1206	694475
1158	957093
1230	708943
1186	672676
1248	848738
1218	889055
1181	890985
1215	731750
1140	709024
1075	493304
1143	737875
1219	954987
1143	446726
1186	482546
1209	696692
1291	675768
1206	1025974
1170	779593
1218	486084
1040	788356
1168	504542
1228	605035
1277	897042
1258	660725
1114	720623
1166	700633
1137	741734
1255	449897
1236	638067
1317	773283
1150	552498
1211	876132
1275	1160634
1146	636214
1113	540147
1295	867108
1207	729024
1300	938493
1356	1272957
1194	921670
1183	996544
1313	608312
1264	631558
1020	701805
1127	559716
1248	966795
1306	806258
1178	647006
1001	700306
1261	580176
1117	714972
1275	944076
1274	778097
1149	870868
1274	865465
1195	694684
1201	725558
1304	823281
1282	850531
1217	625511
1177	1079860
1057	574631
1182	533055
1053	511518
1338	799176
1059	740313
1183	792396
1139	892300
1169	853564
1136	690601
1203	781384
1186	1016000
1186	798589
1297	765878
1178	460804
1231	893462
1161	889367
1293	1208691
1271	588008
1183	741144
1174	886752
1258	862721
1275	549911
1254	694022
1200	935727
1140	829140
1184	863101
1073	603470
1267	813864
1189	589979
1196	764595
1256	1135255
1273	759060
1266	694877
1248	929281
1288	1012398
1159	646548
1262	967959
1154	676284
1234	927381
1132	632962
1275	951855
1091	938328
1401	750117
1259	1021621
1253	674803
1231	526879
1276	506313
1135	617044
1288	672627
1133	1121108
1142	893265
1173	708930
1308	530340
1309	1024304
1251	1055406
1062	555859
1252	600476
1084	915605
1358	745379
1302	810757
1219	792553
1239	1134847
1144	738694
1237	556970
1122	618051
1100	669287
1234	668660
1334	549358
1267	829503
1166	811127
1298	607960
1108	778616
1167	911365
1204	797328
1131	881541
1041	484674
1259	1040072
1272	962135
1125	653562
1046	739032
1299	926585
1175	727477
1200	734467
1162	807287
1363	1007695
1130	528750
1158	893777
1167	964131
1243	920450
1284	549284
1268	895772
1138	872161
1340	847643
1233	731591
1282	877364
1251	595298
1277	769268
1244	436534
1410	991428
1155	622762
1257	889772
1208	739262
1125	748201
1101	969498
1094	508192
1129	535270
992	661712
1207	872630
1299	763902
1338	924212
1215	664399
1137	916924
1224	644601
1275	826037
1387	937877
1241	804926
1290	815196
1192	746045
1247	775714
1199	781415
1096	443673
1156	702657
1289	771853
1341	746604
1292	942072
1184	730969
1361	592115
1178	668174
1280	603035
1216	1028985
1227	792519
1225	861674
1167	968746
1282	739491
1279	618314
1304	804595
1111	872775
1314	772102
1204	754881
1051	602620
1169	875304
1252	1001343
1293	630805
1026	819092
1045	771330
1176	643265
1244	650324
1365	756150
1244	923595
1300	518279
1194	612998
1071	526074
1112	541967
1159	708098
1079	985202
1368	966839
1404	1035696
1187	532177
1087	869208
1241	777058
1352	811371
1145	678508
1146	992535
1280	928577
1200	668566
1384	846217
1262	1006769
1313	914517
1270	1029903
1270	517636
1122	513704
1181	856905
1193	640243
1336	1146597
1138	815547
1102	676998
1281	743987
1403	1151160
1259	608348
1320	692600
1295	891015
1063	925560
1233	747572
1079	683028
1197	569310
1127	678970
1202	788117
1134	606388
1328	907484
1228	423675
1176	816885
1124	710828
1153	830022
1127	683122
1050	378389
1089	809628
1163	669720
1130	458232
1251	719048
1149	664103
1221	620767
1320	936299
1238	909845
1222	768671
1135	567840
1134	630053
1146	913623
1218	902442
1237	1135179
1303	1138631
1183	708417
1074	544765
1233	482160
1078	783229
1104	543325
1073	804187
1175	914680
1303	963000
1230	630295
1379	787921
1179	778869
1218	780068
1053	621834
1342	801678
1090	756974
1167	981268
1242	813646
1317	665025
1237	771027
1348	932327
1169	541066
1183	767339
1092	644794
1364	771858
1293	831643
1243	1007811
1163	504137
1259	749419
1076	653693
1102	597049
1061	660655
1181	600619
1083	575553
1206	624324
1145	550203
1255	936272
1100	748918
1080	589565
1283	563885
1173	441988
1091	640358
1341	898495
1162	848296
1169	792358
989	676306
1188	830409
1261	859520
1185	863077
1132	502641
1126	532150
1197	633539
1210	887480
1185	810764
1216	895670
1286	718601
1150	638168
1195	468919
1142	1038108
1153	679026
1258	1043086
1044	714323
1087	635852
1295	814300
1135	692194
1235	586930
1234	648525
1186	679556
1336	1057063
1098	638476
1216	850510
1187	890782
1131	564789
1074	560916
1169	655626
1145	613954
1243	925003
1266	727235
1219	761348
1240	927266
1220	633895
1232	1057070
1211	755734
1189	707539
1212	889088
1155	700425
1300	852785
1106	536646
1187	733396
1197	802642
1106	681787
1292	875041
1186	741691
1214	733244
1071	631192
1267	756786
1242	676547
1234	728175
1212	1007418
1146	786285
1242	780961
1295	806354
1092	717332
1224	762483
1115	718397
1190	860291
1290	765075
1066	670865
1268	797489
1038	533135
1297	743567
1187	637921
1156	909724
1154	729621
1118	841879
1261	995846
1004	602080
1278	785982
1059	553201
1308	614412
1202	832867
1232	861834
1063	713611
1223	351176
1175	888697
1081	576874
1137	906312
1146	779783
1126	654102
1284	1033498
1243	588369
1327	755664
1043	266146
1050	522252
1110	605277
1222	896260
1332	900369
1308	629657
1120	589777
1103	641795
1125	616321
1103	695617
1205	537807
1138	488858
1067	730748
1123	711301
1284	501646
1252	665030
1197	618222
1150	746914
1174	863392
1272	835105
1142	821992
1227	702244
1201	713849
1256	669182
1298	866889
1275	656010
1090	525334
1178	755389
1279	1074669
1247	982826
1191	649435
1295	1044635
1179	740785
1235	686174
1156	486672
1208	762005
1268	696594
1260	846749
1304	744098
1154	757320
1146	937424
1322	736970
1222	761056
1184	671558
1290	568884
1178	735395
1118	870684
1097	781932
1225	668125
1255	980900
1083	737230
1296	508086
1156	598896
1261	874076
1302	776232
1364	666377
1175	631312
1336	749776
1241	865479
1109	724138
1214	531913
1319	830898
1226	689491
1120	678771
1128	727367
1278	1209114
1189	450390
1309	735747
1022	690845
1125	646360
1231	621462
1164	844658
1264	1003188
1194	1062696
1163	468196
1226	1104925
1043	704725
1324	509425
1199	761100
1210	953653
1324	971408
1315	679165
1016	666767
1270	1031247
1142	497312
997	792828
1214	667368
1172	671531
1147	1008836
1170	847724
1115	537420
1275	832909
1211	667225
1318	765296
1224	654652
1084	865653
1035	917698
1061	792597
1171	696116
1061	537738
1233	803034
1216	919996
1134	788380
1186	826416
1208	695167
1172	547216
1265	884688
1190	741350
1188	486430
1219	789733
1100	751418
1184	634625
1201	905254
1134	810315
1121	790707
1111	600419
1118	786241
1361	1075333
1262	721385
1250	756348
1213	706764
1218	619135
1200	681239
1224	858136
1326	702114
1287	882696
1301	1039299
1276	707120
1144	853129
1341	844148
1080	618079
1236	698279
1089	384206
1220	780654
1265	866177
1179	1098948
1216	715336
1121	740742
1157	764756
1244	541857
1074	900854
1266	394238
1168	880615
1149	610997
1215	757674
1249	1017381
1299	840086
1261	762105
1256	684998
1258	1010690
1019	604804
1186	843911
1130	600075
1148	695300
1038	710229
1178	783870
1442	1361892
1160	746796
1152	891215
1310	940688
1063	677175
1033	495303
1274	758931
1118	712293
1137	526071
1231	702508
1202	696563
1354	1000646
1269	919629
1183	1019757
1188	936056
1234	783776
1283	894462
1119	765366
1210	773807
1166	680501
1226	1012633
1045	600403
1390	888050
1070	901208
1154	863819
1315	963997
1191	845123
1084	482690
1272	547068
1168	1057379
1130	462934
1331	773345
1051	596344
1273	739861
1320	652751
1168	631686
1201	595948
1191	869966
1273	582389
1350	866044
1327	556615
1197	754821
1201	673641
1185	797754
1317	931186
1138	814726
1122	849355
1103	684886
1274	762841
1255	507501
1123	572481
996	621140
1264	692647
1116	734058
1380	825276
1259	780409
1165	364527
1355	1140098
1274	1040923
1172	746632
1286	915274
1085	482366
1192	815830
1253	459537
1168	572093
1302	709827
1111	861512
1121	618435
1071	497591
1191	854301
1198	813302
1302	994297
1188	1025739
1173	605466
1254	921624
1189	713777
1209	890913
1137	875593
1329	824933
1275	680244
1172	581168
1221	1030605
1044	602861
1164	775430
1065	756652
1145	751362
1216	877252
1206	963867
1247	718719
1196	614940
1247	829503
1333	707124
1116	833198
1119	841791
1244	672755
1252	785363
1227	571746
1077	698408
1160	1055603
1184	634098
1222	874376
1101	565378
1147	531416
1187	605438
1163	815864
1254	560188
1348	903829
1113	874272
1289	892351
1256	775130
1153	773598
1195	678379
1180	755749
1227	631055
1131	682506
1061	751520
1070	609877
1196	715061
1225	472745
1072	769775
1397	731214
1221	927380
1106	545682
1355	927881
1126	857950
1156	827857
1191	657244
1192	797432
1295	648721
1126	554917
1253	710239
1117	782210
1165	460925
1168	754857
1156	472695
1086	594800
1151	334116
1312	997840
1199	640518
1076	573922
1226	635212
1243	687587
1267	553353
1229	402647
1222	895161
1109	458074
1194	719454
1142	922810
1188	705488
1232	954459
1247	842921
1032	752325
1137	814340
1136	605817
1244	1010523
1188	404036
1216	606919
1229	591395
1156	968801
1162	694341
1079	710282
1271	772784
1339	801716
1239	915750
1181	456117
1213	765383
1128	740294
1118	825251
1113	407971
1341	993476
1291	716830
1218	782447
1182	682842
1288	889441
1193	988103
1286	818005
1227	565325
1074	429012
1207	779246
1216	802344
1256	843048
1158	864565
1284	644831
1087	497201
1347	821691
1196	708962
1193	821517
1294	1030447
1075	662134
1215	757025
1304	595171
1125	733673
1189	572966
1142	733143
1226	872314
1130	770702
1305	834784
1200	870177
1124	663330
1219	643219
1210	618439
1347	928932
1185	646441
1215	765244
1080	702754
1180	910377
1209	770852
1291	716386
1230	967695
1326	1283197
1116	794731
1258	462723
1160	642017
1178	791170
1259	1115553
1223	822449
1165	625081
1249	681918
1158	776788
1105	673990
1282	746397
1163	706474
1229	655090
1123	632538
1346	771834
1260	732783
1128	901885
1236	930183
1253	835545
1244	562790
1116	554126
1094	764755
1231	475934
1179	752143
1216	625562
1156	361187
1070	910306
1203	1079580
1297	919780
1267	1001661
1162	700675
1252	921915
1183	827613
1168	758239
1216	643646
1122	790915
1374	972807
1216	609792
1235	816212
1112	719756
1168	763619
1164	819737
1075	747485
1256	1057837
1265	681591
1266	702097
1300	851072
1203	751226
1239	469578
1263	672304
1226	573685
1248	710291
1162	1046811
1234	776890
1167	797634
1082	657582
1138	674707
1233	628037
1272	871623
1194	962748
1187	887860
1222	734483
1292	791747
1316	967621
1104	1035532
1204	511350
1266	933565
1158	669904
1207	731492
1187	682530
1168	737085
1126	641156
1125	682122
1263	553048
1204	727268
1160	938179
1343	989723
1256	872445
1305	607946
1250	855741
1177	834259
1131	624351
1302	544699
1173	792118
1187	776695
1253	702271
1263	711192
1147	805819
1364	909147
1215	672580
1237	678892
1244	599972
1356	1084164
1260	735908
1125	628993
1166	790040
1208	698370
1181	861877
1126	560405
1234	898787
1307	887631
1216	603978
1141	616960
1227	806889
1258	495964
1083	976894
1169	910169
1243	651548
1282	812404
1310	855004
1209	792864
1091	843281
1232	693476
1342	702910
1155	582616
1089	778533
1247	1053185
1193	686414
1334	998952
1066	556090
1131	799822
1132	817493
1095	645702
1180	713993
1278	711691
1326	992471
1216	769460
1132	700469
1239	1011785
1179	562544
1127	839841
1124	561242
1369	653370
1189	883035
1316	863045
1231	929289
1159	343488
1179	689274
1246	906995
1184	851070
1217	778033
1115	622908
1244	658018
1231	877385
1152	754864
1265	893644
1245	560279
1206	808409
1204	802659
1234	894328
1276	696110
1150	717824
1167	644986
1269	505477
1155	705517
1251	867184
1247	954027
1333	766457
1349	898688
1289	677155
1309	680779
1066	533684
1225	861485
1068	794286
1262	980499
1257	837638
1143	703240
1202	743897
1162	878239
1107	866633
1265	704047
1265	959080
1333	541460
1260	961513
1125	637283
1048	702522
1186	700796
1146	501940
1115	696147
1158	496697
1101	633765
1144	799542
1228	900626
1193	1061024
1163	778044
1255	775801
1074	570791
1252	839261
1181	848212
1281	767432
1250	712141
1226	1018662
1228	835877
1185	484791
1185	560226
1251	851640
1038	812840
1209	1112301
1174	688556
1109	651194
1181	732804
1156	861943
1090	564437
1163	610982
1329	833702
1114	630149
1237	786884
1364	819843
1260	690450
1087	589102
1102	815117
1106	739449
1284	997786
1102	819605
1253	734695
1150	716950
1325	704758
1220	684108
1190	883089
1172	854976
1124	761044
1220	872656
1378	589559
1121	766203
1240	647547
1189	662946
1400	863118
1096	847902
1252	785285
1271	904584
1351	704057
1113	744167
1118	544843
1270	873157
1174	616213
1250	705444
1148	659211
1159	844225
1205	837758
1290	1142295
1183	634703
1252	483991
1142	588966
1368	674842
1273	507519
1271	936578
1096	799277
1325	899106
1318	827439
1123	875901
1180	865981
1216	786894
1194	921351
1108	694112
1289	855133
1001	700825
1156	773900
1111	892897
1319	693074
1140	552474
1254	748208
1323	966007
1052	809935
1072	567296
1283	802975
1149	722382
1268	830196
1227	1010829
1189	508716
1075	790598
1102	557252
1184	633780
1264	958262
1162	1030894
1234	941351
1219	717464
1374	951716
1184	758680
1220	595644
1091	592917
1222	770082
1224	951788
1169	590973
1149	292244
1160	800617
1029	618380
1122	710447
1288	1074623
1251	729451
1190	865689
1321	918084
1107	336234
1203	692410
1146	912903
1137	727467
1291	954543
1158	880641
1270	711895
1155	531774
1337	1152019
1169	555877
1037	867292
1135	678284
1232	677086
1119	660150
1061	724664
1217	563685
1144	748079
1200	754750
1327	834642
1132	627655
1143	628791
1237	752124
1093	1007140
1084	545401
1212	481251
1273	717155
1308	586631
1144	748452
1305	686901
1320	701049
1190	709617
1245	718489
1182	905870
1321	658193
1318	892468
1106	472698
1222	765003
1221	666912
1170	624691
1083	581465
1188	873999
1257	825810
1114	781572
1168	630246
1238	715637
1195	973175
1051	484005
1135	536796
1330	784405
1371	1008668
1138	1004689
1233	745097
1068	834962
1207	739404
1191	759081
1252	1070814
1192	632804
1138	515532
1321	1045348
1349	932380
1114	925941
1178	699244
1210	803377
1217	1076796
1200	778692
1231	679801
1342	753337
1156	677165
1334	835953
1018	594232
1227	430038
1361	873018
1256	873353
1148	647941
1132	836207
1137	826329
1257	761291
1170	622381
1416	936109
1214	801206
1007	556584
1354	581071
1316	660061
1259	863717
1230	746368
1196	722885
1137	678244
1195	677980
1208	710081
1086	507316
1242	863718
1328	704520
1137	944263
1241	653875
1259	850534
1114	766256
1290	636960
1329	765262
1123	934964
1132	708664
1144	765213
1253	1095749
1087	828301
1112	792669
1208	594539
1135	574651
1190	576205
1104	531462
1159	713859
1180	358352
1192	754322
1195	667326
1325	661704
1214	613942
1343	748695
1188	741862
1179	684343
1147	700978
1200	996550
1097	548202
1273	689364
1230	1025467
1046	441347
1013	615506
1291	743227
1292	869721
1255	861874
1146	663479
1126	770660
1152	748412
1316	590598
1186	632457
1145	564838
1170	469304
1195	574154
1266	753188
1148	760597
1300	824029
1064	599434
1150	830156
1329	1072271
1192	656088
1216	1143163
1141	598727
1198	627009
1150	513001
1084	648434
1149	966465
1097	651433
1120	981028
1046	564474
1265	737156
1159	682338
1217	529404
1239	838016
1142	794275
1304	611778
1270	1206825
1196	725367
1162	725796
1255	693535
1213	939498
1218	1014513
1129	596793
1048	891415
1184	569471
1213	578348
1187	759429
1138	747327
1231	894427
1248	765597
1209	678538
1216	457129
1260	871760
1300	694593
1132	439102
1166	903382
1304	899435
1106	354534
1165	557536
1188	854956
1207	630497
1255	902765
1304	926996
1249	935209
1225	787606
1327	830763
1330	757693
1051	810240
1191	871889
1079	594673
1367	432626
1095	728362
1056	754404
1148	886736
1243	659360
1032	459803
1205	696732
1273	1124973
1024	602285
1008	573858
1325	1092387
1104	720298
1065	778461
1164	800826
1248	934206
1248	657050
1102	745022
1114	691479
1208	582943
1229	837421
1196	457652
1130	730747
1341	941987
1146	831117
1207	728724
1253	989052
1074	490922
1247	733569
1268	766466
1206	889533
1211	791184
1129	673651
1177	783755
1148	575394
1091	655335
1209	667048
1118	425346
1359	932255
1225	880245
1313	809791
1244	990956
1183	677049
1211	833740
1159	940303
1269	720325
1306	663281
1255	684939
1207	715965
1286	984417
1151	748365
1124	709754
1046	480695
1262	722327
1165	636654
1262	1021042
1180	727812
1005	724449
1213	744526
1152	750760
1227	807652
1220	1090230
1181	593978
1006	453476
1227	547107
1099	560644
1038	636866
1188	545183
1315	1020403
1252	619499
1250	767609
1088	848052
1294	717717
1146	531255
1235	709193
1347	584123
1238	609140
1293	745519
1323	740454
1090	1019806
1327	518803
1181	940783
1164	1055776
1284	662206
1272	871429
1166	650506
1095	654636
1364	1112623
1228	767952
1303	849188
1183	755266
1235	873800
1237	948664
1199	438706
1244	885193
1059	925585
1221	1013320
1266	885833
1156	518925
1238	751536
1165	625642
1174	811772
1172	753355
1006	724935
1156	971735
1292	771129
1201	685919
1202	647234
1238	653640
1162	823083
1236	912633
1197	675480
1163	847985
1124	805551
1169	532888
1224	641195
1238	1038382
1258	961218
1287	948974
1377	921564
1144	675841
1293	376222
1144	730226
1264	937610
1346	923351
1160	698338
1200	680121
1300	752892
1191	416839
1240	546448
1130	765219
1283	818238
1190	680024
1223	727883
1133	856682
1214	836933
1300	1319273
1207	523746
1150	697964
1213	920165
1264	944348
983	685678
1215	693106
1279	1053309
1168	1037353
1197	774747
1340	1185398
1306	536184
1148	721325
1276	1097757
1211	591658
1085	499183
1409	1198512
1246	826300
1229	642956
1200	733431
1091	760185
1126	736502
1178	937047
1147	747829
1154	613970
1329	860965
1108	644181
1126	632744
1253	913315
1357	457874
1006	603754
1074	520467
1072	759691
1175	904887
1228	925544
1107	491501
1175	649180
1079	658392
1183	723265
1206	529275
1281	786792
1160	720089
1285	881751
1196	913095
1111	594576
1139	962566
1285	1087113
1085	476364
1298	717449
1161	650883
1174	892769
1334	928112
1134	485361
1069	620080
1077	455617
1262	685821
1192	808541
1137	614666
1318	609118
1254	930993
1225	801492
1282	756144
1273	757408
1232	865965
1200	607552
1248	640257
1213	907458
1151	493577
1136	641212
1342	1125144
999	716562
1321	972114
1160	622325
1244	769046
1155	865745
1240	868049
1202	702357
1044	676919
1285	1030903
1390	588202
1245	952815
1106	832416
1295	700011
1128	567099
1251	745743
1284	1008151
1185	714886
1219	595648
1304	996028
1271	864313
1126	498209
1219	681665
1159	525125
1190	738442
1253	478967
1189	850522
1267	797309
1172	733472
1292	952351
1157	593884
1308	825505
1282	800723
1266	1068251
1149	445881
1256	776716
1317	847379
1163	695314
1140	725580
1141	748706
1148	688267
1137	730135
1272	650723
1261	815593
1304	882608
1140	586660
1178	493130
1161	749762
1149	710664
1248	948568
1264	827148
1130	665622
1256	774062
1179	539178
1330	821903
1321	808274
1263	819012
1165	960075
1109	750584
1134	644213
1135	837157
1302	1016468
1256	765012
1020	779931
1263	853018
1109	761268
1233	831703
1144	589770
1234	511267
1138	915102
1169	511860
1182	789521
1264	937847
1216	794027
1136	787722
1314	957421
1342	762500
1223	779835
1071	732445
1013	803464
1147	845568
1116	708766
1064	616566
1150	662907
1198	727801
1150	729239
1091	723849
1309	784074
1154	813486
1243	913626
1201	878856
1226	916822
1068	670079
1227	893476
1169	729760
1100	686150
1463	959771
1182	1059965
1188	895288
1036	619125
1078	704674
1230	678974
1269	740428
1285	642541
1223	1002383
1169	523605
1403	859512
1246	787484
1075	599786
1284	894877
1219	658513
1155	501180
1202	849374
1300	836841
1320	1184664
1143	746224
1186	814940
1245	1025077
1070	672386
1346	748584
1229	808469
1277	463039
1183	796823
1237	698942
1261	604650
1252	1014357
1240	624370
1215	821386
1104	718398
1284	1120919
1041	421919
1164	602503
1154	884550
1250	787193
1014	794428
994	764188
1313	750469
1081	750920
1105	788524
1126	522511
1151	951471
1196	903747
1262	925043
1144	550823
1239	569257
1197	788798
1115	676183
1192	665338
1189	720467
1098	652430
1276	550570
1202	594818
1130	787647
1225	610831
1149	534494
1149	733262
1244	843908
1107	473978
1273	1225569
1135	724500
1226	557754
1197	559574
1184	938116
1178	792178
1134	713050
1391	405177
1304	943472
1300	705704
1240	737146
1216	648869
1170	655743
1145	670347
1123	339532
1244	1015149
1188	1082154
1155	682532
1275	674555
1194	900613
1137	449376
1177	957059
1259	764366
1138	852173
1279	850929
1114	663466
1332	702479
1289	661142
1133	916535
1152	563884
1151	852435
1315	1009864
1256	820366
1003	732623
1201	614449
1093	864645
1191	730844
1168	581470
1323	772267
1003	409499
1400	765019
1132	614936
1303	789084
1146	765505
1354	867998
1190	866161
1319	978402
1100	732861
1133	783125
1262	967622
1143	774209
1084	788984
1260	848944
1233	856435
1285	921636
1222	499093
1127	646813
1352	817671
1166	912804
1083	594679
1310	650788
1097	651553
1179	680197
1199	504699
1208	690595
1344	888569
1148	711916
1146	530018
1237	516808
1185	747989
1162	983672
1105	478863
1203	570736
1306	751871
1130	878223
1223	928128
1204	780336
1217	650569
1086	724198
1285	780036
1033	637463
1187	824373
1148	840401
1169	750966
1209	610568
1250	742185
1336	993113
1125	570932
1166	662853
1224	565388
1040	507126
1319	702488
1284	1002415
1163	705046
1191	804034
1249	886692
1076	716085
1218	721771
1350	772658
1272	879434
1215	899918
1264	789309
1310	791516
1169	638686
1174	712575
1145	842044
1155	802240
1177	929199
1315	768928
1080	573253
1337	769268
1224	961129
1191	696618
1290	796297
1277	563375
1290	727126
1362	933515
1188	610093
1274	448357
1191	775340
1223	724167
1130	763092
1277	987218
1189	542626
1174	887357
1132	839661
1085	788538
1154	535507
1187	722864
1109	838046
1028	921522
1217	824465
1142	759768
1203	748247
1024	692781
1243	531794
1131	699899
1061	832413
1147	750464
1273	683476
1103	625700
1068	709452
1294	751366
1153	878923
1169	650132
1156	673568
1209	689202
1187	932155
1079	655962
1182	588775
1098	599888
1097	632299
1263	816190
1114	686162
1221	1141929
1199	560588
1195	791708
1161	462058
1119	585045
1279	1025131
1251	711796
1343	827776
1091	851606
1304	838827
1189	700170
1231	702228
1279	957261
1088	524874
1037	412522
1313	990582
1158	763520
1258	702746
1267	414062
1212	915335
1183	659465
1223	582125
1115	683350
1143	724783
1183	727293
1261	324339
1226	733047
1351	695069
1331	991914
1162	735493
1092	810273
1207	755069
1159	839788
1121	1008820
1237	943387
1161	739449
1323	814626
1298	822893
1167	961412
1241	681268
1246	1078115
1084	577465
1249	675947
1294	765788
1101	452845
1266	1092905
1358	879490
1226	854798
1201	627805
1177	781623
1174	590402
1188	668525
1213	649332
1147	915116
1261	947491
1217	765962
1228	773550
1237	894740
969	360349
1284	864498
1228	456063
1194	689716
1255	595341
1315	847787
1254	1157638
1088	755314
1174	446147
1188	685770
1215	1174800
1224	759309
1179	496152
1116	549097
1193	771649
1269	871281
1117	550486
1180	682534
1144	582780
1144	623090
1261	730029
1194	670579
1381	895612
1113	696451
1216	985723
1245	758888
1049	677976
1219	911242
1233	1109710
1130	615726
1025	609072
1172	963408
1123	664292
1149	727208
1326	887613
1132	757816
1287	777993
1188	593294
1191	698032
1343	1075552
1190	815198
1218	746354
1186	763161
1168	744792
1284	760652
1239	768796
1272	778609
1192	635175
1210	685763
1344	732611
1097	725593
1321	736492
1175	656289
1183	622334
1241	765958
1219	851382
1220	1002775
1406	1072312
1311	693567
1230	841197
1201	839736
1277	644987
1200	590992
1072	719426
1234	833733
1296	733491
1146	853805
1137	692647
1163	851138
1266	735934
1062	672237
1255	705766
1246	572403
1275	702420
1201	935698
1188	855016
1162	949138
1196	966169
1227	804959
1177	987379
1104	709950
1225	879633
1244	545243
1296	485897
1189	807184
1214	589908
1252	935567
1237	737506
1080	614231
1277	756826
1120	674966
1195	587871
1234	850276
1250	691898
1201	728773
1231	672018
1261	1015514
1191	860572
1216	841041
1358	860114
1297	732397
1099	534901
1115	602344
1259	986065
1068	837529
1112	503409
1084	526190
1372	647891
1232	871448
1276	986940
1221	880616
1184	843850
1272	677805
1218	892690
1175	542961
1251	513218
1195	547570
1088	784619
1188	841690
1079	897265
1240	815091
1265	855367
1012	501131
1261	694531
1138	704288
1170	720467
1190	793524
1153	634120
1263	618041
1205	676963
1095	582377
1102	581558
1210	587762
1143	949859
1125	680792
1230	548788
1294	1022779
1220	917580
1107	889419
1128	418629
1182	753651
1114	732731
1198	565397
1215	747108
1244	756842
1219	488333
1171	647637
1194	692914
1208	770152
1263	655861
1148	775723
1300	1028994
1099	881209
1303	971949
1170	834417
1191	728133
1221	782995
1149	744911
1092	498877
1178	583963
1293	828230
1116	632414
1307	849619
1129	655178
1226	808036
1152	518557
1298	648800
1055	794363
1308	576341
1311	664670
1140	562465
1271	560655
1217	636307
1141	696435
1288	987951
1180	937656
1321	1053076
1225	726896
1179	713421
1284	1201388
1056	314417
1154	830439
1068	890388
1285	573018
1242	804038
1264	573746
1256	847282
1172	378104
1180	632550
1270	782661
1251	813803
1162	618963
1291	617749
1160	502868
1221	732291
1297	839830
1119	957565
1167	858805
1109	533410
1306	817968
1190	720720
1240	869516
1152	1063400
1172	752913
1276	697543
1272	839859
1127	925218
1105	546458
1147	638518
1194	854811
1271	744892
1306	629580
1331	713948
1131	810709
1267	916903
1150	847450
1230	720247
1187	841417
1107	886598
993	791400
1122	936705
1244	471143
1118	599673
1381	835401
1054	577910
1324	572227
1246	816861
1253	926892
1205	708039
1279	673285
1265	818969
1189	812577
1228	820198
1209	661547
1174	863048
1099	564279
1269	620162
1292	828357
1134	730992
1145	579789
1101	827766
1161	825376
1186	913974
1202	844778
1298	738440
1215	775847
1319	492097
1340	861938
1252	703962
1266	916026
1358	753420
1227	800411
1154	585038
1352	391704
1231	544610
1133	597482
1208	806976
1302	798892
1182	901229
1162	634139
1127	755381
1183	916541
1231	940211
1103	646476
1260	774721
1329	1091627
1354	786092
1273	406031
1164	552277
1173	502994
1256	856124
1026	493514
1248	826771
1323	718383
1168	618021
1135	669547
1324	568334
1177	548858
1170	672919
1193	822331
1166	725510
1113	669365
1237	876342
1302	1021602
1125	683189
1122	382046
1196	911801
1325	653513
1301	878818
1194	1041753
1238	759453
1219	743387
1159	436332
1357	876371
1245	577494
1157	331873
1234	755415
1067	567900
1148	775421
1293	871404
1061	514648
1328	702894
1176	566589
1309	904678
1366	916995
1191	649760
1230	823112
1249	731587
1210	869097
1177	496924
1199	749635
1305	1007752
1224	664294
1104	585535
1121	535051
1215	898112
1074	370269
1201	810769
1078	602640
1136	596277
1203	626744
1222	484783
1199	600866
1272	655526
1103	502406
1099	748661
1164	819501
1155	941374
1390	751050
1091	718893
1230	906649
1163	442764
1197	662586
1269	815112
1303	1058624
1073	548502
1214	974580
1162	667803
1280	1046116
1179	919762
1305	511558
1046	613312
1371	909873
1085	406241
1226	471233
1253	954865
1225	866478
1182	893342
1252	649508
1081	473795
1295	764056
1238	761990
1276	916955
1237	851461
1263	684072
1168	690164
1144	851430
1065	632141
1285	774150
1143	615719
1245	458416
1081	514656
1292	882637
1199	560912
1167	578025
1158	740459
1211	805560
1143	572259
1154	758915
1220	1068590
1223	539453
1018	661948
1243	911623
1205	1129655
1263	803976
1178	759594
1167	620797
1177	622855
1336	845016
1145	671287
1196	833119
1251	515103
1245	957161
1287	446728
1116	674027
1358	928237
1164	818075
1260	997348
1299	985270
1078	711047
1306	992963
1145	594065
1121	575522
1344	687443
1211	715588
1220	520577
1274	702691
1098	602916
1121	928605
1301	874027
1293	858404
1207	894228
1257	651277
1239	608230
1209	867011
1221	635924
1207	775600
1127	780770
1222	829388
1204	689953
1184	750854
1219	762606
1259	445141
1176	671276
1222	660105
1214	565026
1094	782445
1235	455280
1247	683663
1202	894804
1296	792156
1279	688876
1054	632064
1035	567495
1181	770628
1308	897463
1291	983835
1141	548814
1212	646982
1034	517121
1073	757988
1205	942780
1360	760614
1257	588425
1175	940132
1163	922275
1191	634127
1238	881113
1199	515840
1034	525396
1195	584201
1190	657279
1193	583271
1176	511728
1414	946578
1237	666414
1144	747138
1211	529660
1222	808569
1248	871302
1290	402494
1113	590129
1078	661014
1209	691424
1093	764877
1219	667712
1225	931365
1282	694831
1294	1219067
1401	1140356
1180	661475
1201	439400
1197	671548
1164	609586
1286	1105636
1157	1013205
1198	892008
1040	816202
1151	835790
1234	1033348
1334	563615
1213	772084
1185	596673
1201	975256
1163	598061
1338	821569
1277	697034
1204	823691
1227	745408
1236	804999
1267	1023435
1146	958667
1045	679513
1344	1146068
1327	825209
1083	678602
1080	840273
1194	761475
1175	652142
1109	695648
1171	569525
1252	725938
1191	619974
1230	710312
1293	751524
1078	375744
1196	571798
1136	860594
1129	781726
1128	913625
1282	896257
1223	558858
1243	564549
1228	627306
1181	1054623
1347	770940
1252	740684
1244	1073932
1124	448865
1246	414500
1311	963256
1095	570572
1240	977726
1191	879943
1336	638162
1161	785619
1089	606611
1286	595517
1197	755010
1256	971432
1299	1018074
1207	808025
1256	787273
1124	781013
1252	408867
1291	1006574
1378	740328
1214	600371
1159	687609
1239	769231
1270	642686
1293	765434
1265	721337
1145	755967
1278	912103
1204	771948
1177	744044
1224	850259
1205	842517
1192	558956
1242	755662
1245	779731
1384	902696
999	524157
1109	886293
1245	961069
1182	571768
1051	523521
1100	821563
1260	719700
1195	472657
1330	1066897
1122	741657
1318	1106316
1175	549981
1166	626325
1268	594758
1203	917377
1231	744715
1228	1046517
1255	682026
1316	688921
1160	848190
1278	665373
1226	635605
1129	781722
1156	710616
1211	782774
1133	792968
1221	1123619
1260	466055
1077	583489
1213	694125
1139	582024
1229	576606
1256	839069
1226	849681
1260	1130445
1115	743442
1206	668592
1146	810448
1162	866122
1139	853434
1126	821804
1169	658214
1138	924012
1219	702169
1236	822011
1201	901706
1197	468724
1196	735881
1262	888370
1323	744645
1123	766477
1107	763793
1138	652458
1101	909242
1273	911490
1165	585281
1136	484570
1143	512650
1250	748297
1293	1182556
1112	472230
1120	756435
1087	556448
1232	743721
1152	633968
1219	1124959
1278	611076
1118	433385
1312	709078
1257	845574
1196	402848
1133	670577
1182	561946
1262	693511
1204	760299
1056	683122
1178	653758
1125	781411
1138	611090
1131	725331
1263	624083
1140	999922
1035	669156
1114	689011
1196	680357
1349	1142308
1191	795377
1155	580351
1046	357306
1202	580984
1111	735950
1213	607736
1216	880872
1217	775265
1066	838772
1195	537385
1278	538472
1318	778360
1099	644411
1072	562653
1263	928785
1261	544371
1214	787093
1158	686466
1210	642911
1194	985476
1170	752951
1187	621606
1216	806815
1127	808830
1143	740374
1175	552123
1136	547512
1029	462442
1173	807793
1163	680126
1297	752531
1131	434950
1178	801413
1215	538319
1228	1105871
1310	963810
1131	574262
1182	972123
1264	726505
1132	684719
1141	810924
1135	778706
1091	547658
1082	625579
1227	930500
1159	486931
1089	615722
1225	639765
1124	396513
1262	804323
1297	937096
1362	706322
1263	850249
1192	661182
1195	798565
983	756326
1169	687313
1129	739862
1155	776336
1191	959272
1252	797656
1293	667888
1116	680470
1115	841043
1271	732145
1243	739611
1177	613796
1191	558545
1313	761271
1239	536638
1270	753295
1146	703943
1287	842709
1225	699743
1151	725768
1314	982080
1140	570114
1147	991025
1269	803304
1039	527592
1263	712509
1275	965529
1324	847373
1194	664334
1273	965493
1190	913543
1314	965072
1217	1021733
1301	680993
1235	590182
1199	771146
1106	736944
1082	758320
1188	1082185
1095	515781
1163	626560
1192	539765
1153	649242
1117	442784
1309	747391
1221	718392
1300	950296
1161	802686
1183	751050
1112	616353
1273	1029397
1157	998587
1072	858964
1121	624251
1264	856107
1051	764232
1102	808873
1229	786436
1266	870202
1234	970608
1311	1071219
1079	959186
1233	679500
1150	821544
1125	935549
1317	743919
1160	690718
1182	901443
1143	539790
1291	970157
1184	729563
1328	909618
1140	694653
1089	574048
1158	779946
1341	866251
1179	798089
1250	800515
1175	553709
1108	567995
1226	644310
1241	519060
1141	615981
1263	1033562
1253	452025
1234	739667
1219	901217
1075	865322
1165	853991
1231	741445
1127	691560
1186	848644
1121	711077
1126	426374
1259	567261
1121	639071
1087	772172
1175	1046141
1225	603366
1251	1098125
1127	727943
1090	649368
1230	872179
1271	856557
1185	752201
1277	1054650
1241	809806
1242	734882
1183	979257
1123	994296
1062	651166
1082	666491
1088	934596
1184	739667
1183	428898
1205	780967
1194	910087
1148	847628
1122	706918
1153	754656
1276	504807
1087	484577
1089	855847
1115	342889
1250	499423
1306	983825
1187	530173
1160	701687
1111	682916
1182	840068
1136	543062
1343	869380
1179	809318
1268	922503
1130	682114
1213	589630
1276	775053
1006	584264
1244	1180030
1257	623544
1145	857057
1280	746198
1223	864930
1168	644330
1245	1172832
1303	1146114
1234	772063
1158	799975
1182	917827
1337	992284
1106	569004
1046	624460
1241	1084255
1317	979619
1373	601603
1116	1035341
1137	673569
975	590529
1112	556880
1242	863752
1287	934342
1196	587088
1188	546199
1265	688454
1262	523402
1148	673207
1373	913446
1289	844957
1265	910638
1340	1194956
1263	939976
1138	626046
1125	665458
1195	812466
1293	973833
1239	675370
1059	734328
1217	606623
1193	701531
1076	526407
1077	680524
1233	766550
1128	573957
1396	983309
1251	820773
1249	466584
1026	608901
1246	865241
1290	963029
1257	737527
1059	847665
1202	839532
1075	496659
1215	687298
1159	900644
1160	807621
1238	670559
1222	732165
1027	941508
1181	830144
1247	1042843
1302	822163
1235	596386
1133	830279
1202	769347
1215	639197
1084	752844
1256	771661
1265	887052
1229	747342
1324	733253
1170	816879
1170	476536
1169	553111
1280	688175
1208	480785
1101	848331
1238	824499
1373	780313
1331	852153
1164	675291
1195	620301
1151	828425
1296	917883
1295	637919
1291	848467
1247	929016
1211	836387
1188	809894
1075	586993
1203	855509
1290	693931
1220	790479
1182	1026073
1090	692819
1182	810340
1146	590279
1195	625914
1181	481205
1166	635054
1281	803591
1313	826466
1223	633896
1372	1095391
1173	723900
1208	579218
1099	303137
1222	901613
1279	962317
1204	910000
1170	718050
1270	1055254
1201	737435
1263	1027856
1095	558251
1294	893472
1104	829328
1324	609501
1351	846899
1237	759204
1100	732184
1266	624078
1248	978156
1209	558994
1197	727126
1274	797603
1161	756151
1234	616951
1242	648377
1200	652178
1218	857762
1062	540881
1260	995844
1128	610061
1221	818739
1179	576395
1319	902161
1197	618147
1163	795538
1124	814579
1156	565310
1111	500734
1212	617890
1170	901166
995	877491
1248	840653
1092	622741
1129	619616
1288	915399
1135	790858
1228	804400
1166	552160
1123	589128
1341	841205
1273	738712
1376	1129342
1096	843238
1152	408757
1156	817554
1229	870663
1155	698082
1207	864372
1119	638397
1135	872594
1090	515004
1194	911301
1252	765314
1193	798657
1133	864180
1250	505054
1161	924990
1241	1019195
1114	622391
1264	871473
1247	715498
1063	574606
1333	445993
1192	751925
1274	767769
1154	511499
1046	650224
1130	618180
1188	416827
1364	849433
1210	922726
1056	760180
1080	885588
1164	681792
1317	733848
1406	725537
1161	582649
1205	856250
1161	927432
1298	1078000
1219	500758
1208	806654
1275	994126
1087	930481
1194	567088
1164	851695
1275	758037
1355	855838
1237	623778
1156	783916
1131	647230
1193	679818
1211	624381
1089	980288
1141	813232
1173	871110
1187	626844
1169	676776
1127	612981
1243	844479
1174	900688
1306	837867
1162	823022
1238	710583
1220	579387
1344	693667
1324	671922
1361	834707
1324	1186882
1327	1183937
1217	404427
1098	571905
1088	598532
1100	611484
1091	639829
1196	801278
1322	646988
1264	651736
1250	882296
1355	879906
1144	681312
1216	470530
1179	706589
1234	675029
1281	644279
1262	704445
1232	699430
1269	856677
1042	669647
1157	701436
1227	788551
1273	726991
1096	662278
1152	728800
1191	636539
1332	922688
1132	818821
1024	646933
1152	628410
1252	713556
1076	612794
1053	834530
1193	847981
1190	836371
1175	705044
1272	796360
1175	1108331
1295	616456
1239	863310
1274	744889
1132	809816
1099	724932
1065	718702
1323	879074
1120	694023
1219	669184
1208	579165
1236	581894
1251	1064100
1137	747255
1130	705814
1334	911163
1084	701167
1198	731182
1251	792733
1150	583851
1143	713044
1243	1042658
1213	654175
1279	960137
1257	556683
1235	578066
1219	926695
1184	910592
1292	869208
1090	904501
1266	376116
1064	865344
1271	653084
1213	516575
1246	716468
1162	886638
1184	575227
1211	919404
1222	701109
1260	950874
1340	1060029
1167	670900
1313	927681
1252	1021540
1271	1184786
1214	924510
1302	962817
1207	726486
1313	793551
1349	736291
1163	578869
1138	904688
1305	714702
1160	883743
1339	844751
1207	571777
1247	1035105
1161	682568
1151	530174
1287	748334
1335	910115
1123	448707
1195	884504
1132	701155
1209	834207
1252	832352
1194	581289
1001	731012
1147	861582
1207	718074
1240	1104441
1154	847940
1162	821680
1098	824893
1087	832163
1097	484343
1291	625992
1109	698122
1371	986180
1213	672176
1168	510679
1184	927165
1054	513364
1274	476760
1216	617581
1328	836038
1126	782130
1056	748414
1218	577120
1113	732142
1228	501781
1231	1044711
1143	816723
1119	658866
1057	734221
1201	676286
1204	626590
1202	786634
1254	674753
1129	632884
1204	776175
1196	577011
1121	555512
1239	908432
1219	530505
1236	547846
1151	903441
1294	1218400
1192	1200997
1123	690339
1138	807222
1330	759737
1124	745134
1134	754138
1199	568969
1202	853022
1325	747596
1156	573480
1288	764039
1140	650009
1124	869688
1209	595697
1142	774541
1286	804056
1224	482580
1270	693144
1195	572467
1248	634310
1107	809006
1198	817978
1255	887145
1207	718980
1231	811594
1256	1034542
1324	602956
1019	762127
1137	799234
1335	1026497
1205	423522
1183	743556
1178	852108
1328	628609
1120	821557
1044	563663
1154	611695
1212	549813
1030	585182
1214	983357
1241	756696
1205	742085
1240	944385
1205	485706
1078	768586
1199	653667
1208	1095993
1361	820211
1287	631265
1138	978382
1169	597641
1234	645649
1371	1095800
1186	713331
1109	712592
1045	750284
1169	786805
1192	811035
1152	535918
1079	389805
1252	718972
1135	503494
1155	1049974
1144	643768
1271	594412
1163	672681
1314	772508
1309	660799
989	810221
1167	542512
1097	885348
1148	1053591
1122	562877
1250	803574
1207	1025983
1219	325276
1134	669665
1211	971795
1196	840103
1228	692638
1248	781100
1196	682388
1204	966525
1108	903662
1077	800330
1289	513423
1188	810987
1183	620155
1405	856608
1289	785786
1232	535260
1345	436621
1189	1198992
1270	705642
1122	752118
1188	891203
1188	927490
1344	777576
1138	603711
1280	743719
1307	1077469
1154	608580
1255	562684
1213	895268
1054	609566
1249	780752
1179	905164
1243	757089
1259	667390
1130	809869
1249	789755
1152	756023
1028	499777
1129	975442
1131	485821
1238	696131
1240	734402
1249	707494
1198	812788
1232	844818
1244	1131860
1321	898985
1237	880025
1145	713225
1076	946534
1126	460513
1101	777305
1189	458967
1179	780935
1228	825510
1228	1143211
1272	671684
1048	430534
1089	799021
1220	749030
1157	739038
1212	839939
1129	814586
1245	772886
1248	752895
1219	387239
1059	672267
1133	775010
1070	712677
1188	702593
1188	706797
1234	701894
1151	906239
1168	695514
1172	735148
1161	685871
1093	503200
1199	789969
1119	743217
1192	475705
1264	798361
1199	674900
1127	889450
1166	806509
1050	734358
1155	579861
1310	1008366
1097	612961
1190	1043932
1009	566246
1146	580662
1125	735992
1199	529111
1090	549537
1145	579668
1224	940241
1168	691454
1167	663010
1158	562798
1094	667250
1214	793240
1014	842296
1038	633342
1131	654865
1235	973236
1172	540134
1259	729348
1228	889428
1121	890217
1362	699990
1247	1084388
1123	509089
1083	766048
1287	847762
1223	825480
1219	685104
1162	995581
1162	765810
1203	723149
1225	855759
1255	665273
1245	824247
1237	995599
1124	641908
1192	541005
1164	742964
1179	908132
1243	622356
1211	586002
1169	862154
1275	1037240
1305	933088
1144	834111
1397	941123
1205	632664
1176	536722
1170	713703
1183	543524
1145	785138
1178	679662
1194	744485
1363	609688
1099	941749
1136	817103
1227	693151
1267	753669
1173	670648
1310	444993
1187	617816
1193	761379
1204	674044
1249	602600
1309	874641
1109	588788
1211	766103
1293	682769
1076	958643
1034	913808
1268	782942
1155	450761
1363	1007453
1071	979300
1246	649253
1246	1131970
1154	772154
1143	598635
1069	771864
1251	1000790
1189	999812
1268	765014
1170	791478
1316	935779
1071	776702
1248	846291
1185	602892
1314	903898
1318	642477
1220	874186
1120	610522
1174	767023
1270	424197
1198	487676
1184	919717
1163	660048
1214	736214
1158	882001
1312	710837
1216	695846
1097	661024
1204	636016
1079	633080
1154	701118
1193	658353
1317	787494
1215	957424
1385	933064
1208	663746
1274	829802
1186	872025
1284	555227
1084	701495
1260	892489
1200	556094
1214	861310
1230	586451
1215	805298
1196	974957
1201	634677
1167	614288
1079	613811
1169	1022189
1223	836389
1377	719489
1147	544491
1211	947982
1297	814741
1169	377695
1231	740630
1086	577365
1161	764676
1164	620652
1308	664760
1046	839505
1367	927324
1349	786800
1245	529970
1129	539862
1262	1136698
1073	680404
1101	455502
1209	933182
1134	602762
1240	862330
1290	988426
1150	695001
1234	616470
1172	702510
1222	677905
1212	419055
1248	795828
1095	658419
1298	886739
1098	448961
1175	641262
1211	903600
1299	433828
1071	537146
1216	792737
1188	657704
1273	871997
1166	768565
1164	730413
1160	794042
1146	727481
1161	806793
1142	577649
1304	646396
1213	734513
1208	979950
1196	961957
1206	764380
1110	809664
1187	792000
1109	537878
1228	999115
1175	834042
1242	787934
1393	911042
1232	641932
1104	745098
1180	552964
1284	990171
1212	607012
1012	794807
1062	809623
1254	1007233
1191	786674
1397	1196482
1090	650045
1208	943070
1099	669503
1135	930887
1253	1036314
1121	725092
1105	840427
1185	722350
1171	585464
1233	741633
1261	741211
1253	726985
1176	566142
1217	733399
1163	642724
1182	714960
1174	786105
1188	1111079
1093	411674
1099	748309
1352	890220
1037	850652
1096	914813
1294	878666
1070	831504
1184	917954
1131	715704
1103	815118
1140	640598
1140	508506
1157	805290
1210	651341
1121	728835
1163	799629
1217	613462
1269	647437
1183	761196
1102	838640
1113	991171
1147	756178
1185	511000
1020	720843
1225	886905
1208	723949
1172	731506
1036	424523
1122	700946
1357	929831
1267	646356
1153	669246
1174	630099
1203	1053342
1220	597723
1248	736984
1159	789211
1242	764433
1181	590153
1170	563841
1216	838440
1070	502505
1122	1004410
1240	1114144
1191	739400
1062	619412
1134	923067
1177	711323
1262	966122
1147	563502
1065	768304
1312	965776
1230	850756
1167	637914
1253	770405
1173	912746
1149	681190
1270	492405
1274	811934
1100	951960
1320	733246
1137	729564
1048	701824
1088	284452
1123	524995
1095	498037
1255	702637
1101	603465
1050	510979
1041	737507
1290	828022
1084	1006573
1302	1202640
1018	567155
1240	756906
1113	848405
1212	900514
1231	939272
1251	633917
1080	664760
1111	487242
1221	682238
1012	720374
1108	709891
1269	669664
1247	718679
1374	915202
1280	645593
1275	692363
1089	686358
1286	854732
1229	850868
1162	815661
1057	747687
1148	968573
1266	781158
1159	846856
1240	537010
1221	831535
1302	746018
1210	730894
1188	463604
1179	403764
1171	426496
1231	749298
1270	943055
1217	409673
1090	713472
1326	723543
1282	749792
1022	572501
1253	650823
1237	1037483
1133	750170
1163	811400
1223	746064
1218	639679
1084	648092
1166	691625
1283	572131
1330	992766
1114	597948
1062	687317
1145	891069
1151	1078296
1208	864512
1330	814880
1248	708658
1275	837870
1261	891464
1164	634434
1252	730901
1222	885769
1167	682233
1217	1139871
1080	581354
1196	496620
1217	936533
1117	773811
1199	491926
1155	922622
1265	821111
1200	998405
1223	589964
1125	546939
1210	642578
1210	633904
1269	775393
1207	928766
1269	1035084
1296	1009174
1319	949302
1397	740834
1171	659184
1085	696326
1146	507005
1084	952206
1184	676924
1236	842704
1205	804070
1282	653158
1276	995396
1152	646211
1299	624166
1089	882175
1363	653476
1119	600513
1275	714407
1109	799393
1169	540897
1204	745733
1123	509547
1262	725950
1214	565724
1061	475933
1293	869579
1172	978775
1267	900511
1145	501530
1266	996427
1225	664583
1190	824134
1215	1123701
1303	1025690
1092	829254
1396	882917
1038	363018
1163	597415
1200	536338
1201	657229
1195	609692
1192	502425
1209	617610
1248	576216
1083	738697
1098	559810
1246	906025
1141	657222
1270	616534
1231	1039909
1129	885068
1042	477925
1171	692284
1364	597504
1256	716603
1229	718985
1167	786849
1189	588689
1088	590146
1219	846831
1341	815616
1339	567195
1082	701895
1224	528140
1247	488991
1286	789474
1286	740901
1186	676064
1196	855678
1279	717304
1179	819111
1180	649014
1172	602554
1140	812197
1167	617472
1253	800722
1212	826985
1230	1053187
1278	643093
1266	1001584
1034	786551
1200	655962
1249	779937
1122	1049487
1187	551938
1331	1180872
1035	539913
1204	736850
1165	758511
1290	964735
1314	698048
1131	606329
1385	767132
1251	806254
1130	775990
1214	520044
1245	808679
1174	689590
1213	921005
1141	720574
1128	752200
1107	614830
1110	645000
1141	635699
1011	568711
1135	664176
1234	734748
1113	902456
1154	640662
1190	967704
1158	1054356
1131	816159
1236	832173
1246	733005
1212	431460
1207	792985
1156	663506
1038	837514
1094	658294
1204	594743
1148	610219
1262	599195
1115	588855
1008	610553
1100	681169
1106	514961
1202	778486
1304	702526
1105	844251
1163	762244
1371	933641
1292	420207
1166	624573
1187	735075
1115	540045
1184	749696
1263	716108
1183	644719
1287	770356
1346	857764
1267	652147
1101	677304
1118	843534
1260	819889
1222	863827
1271	698832
1264	510615
1242	249020
1208	858057
1098	570027
1170	749472
1219	632226
1135	870204
1191	552877
1219	484328
1321	1025877
1376	956101
1160	658906
1368	639532
1068	580177
1152	756110
1243	956148
1206	1072591
1207	440031
1254	869305
1124	682254
1246	772214
1121	705598
1198	957882
1151	590359
1220	876760
1232	634245
1247	602872
1263	1026126
1305	778905
1108	545240
1139	441504
1106	784170
1059	650196
1250	846255
1295	980005
1225	913856
1269	785334
1323	798398
1284	850463
1221	858466
1103	781215
1123	557215
1083	640351
1308	719648
1292	806375
1145	937753
1338	752237
1226	670732
1189	833030
1163	535892
1202	744775
1236	978715
1203	907409
1317	849631
1078	544009
1252	922699
1109	488032
1212	725402
1192	342112
1179	806492
1134	623102
1093	681939
1300	647638
1044	514701
1187	582615
1240	1124029
1125	435534
1167	814810
1283	964896
1079	804336
1212	676723
1154	706540
1232	626371
1222	667802
1166	716114
1166	683728
1098	819241
1098	608666
1246	694947
1154	962526
1232	969801
1050	315727
1155	604924
1147	645533
1266	952456
1269	899179
1106	506384
1262	525639
1074	764199
1114	555479
1117	408003
1096	772633
1208	807579
1193	832981
1186	948922
1330	863038
1297	1117709
1075	842071
1077	637817
1137	826414
1277	701393
1285	766259
1372	719485
1160	766786
1123	934831
1185	725048
1196	717471
1150	8