1088	723247
929	532411
1051	723293
1015	435601
1022	793405
956	361037
820	397747
1147	870527
1182	523025
1013	559353
925	550590
983	729180
1102	653726
1022	411383
1149	663002
934	633323
888	441389
971	560291
989	805584
934	699107
958	636337
933	625480
1017	572817
909	578469
1159	709847
873	604447
961	776772
1042	861979
1069	851588
773	519132
1055	578838
770	415258
1004	411502
855	591645
996	747162
1118	656282
1168	632549
1033	521865
938	585477
1074	555603
752	555700
1113	505667
789	650219
755	392183
1105	799703
817	640034
1050	533457
1005	706742
950	630496
1092	511557
988	617510
976	615104
737	435441
1029	643435
1240	819443
1063	565928
933	567722
1057	801977
1184	957763
1226	534724
811	612180
1029	741763
869	560400
999	666053
1029	545512
751	599767
837	447236
1066	703212
767	641070
1049	507104
792	349858
955	375709
975	640189
1108	900574
946	681568
865	435002
922	358506
1069	838110
1024	609954
1108	779829
877	438319
997	734680
912	506840
912	417383
913	734490
922	713820
1122	813540
927	742549
986	625320
1055	692163
874	442003
1093	567951
948	393407
1237	432570
1094	846639
952	338173
1093	406353
805	515495
870	729165
914	565565
1065	759705
1001	717591
816	698527
899	495725
849	566479
1024	590540
971	431776
881	365612
855	387640
926	553621
1330	648456
1120	695317
1074	715013
1034	698735
838	621239
1079	656014
1188	884677
1010	578197
885	603353
1090	714333
1265	605146
980	522749
1050	671837
963	425316
870	570035
1056	742720
1118	689166
1225	670081
983	775210
991	683014
1097	656193
1039	643752
1170	804182
890	457859
876	617510
1151	674194
1018	540534
959	689727
822	506484
1127	751912
855	517801
1036	357293
921	620845
981	627331
838	481898
1005	660580
1031	600579
1109	803797
906	687590
924	545632
940	796981
1206	615994
780	385560
983	714868
921	566230
938	440342
938	683810
845	555282
1006	799570
1024	837465
1054	712518
1243	631750
1172	763011
1116	730902
1045	679787
702	505973
1189	1076455
1130	642026
830	497777
962	631610
992	386262
1027	441906
1008	497334
928	502880
1248	813929
1104	597827
1059	540640
796	839101
1142	720289
1022	390580
1012	845472
1048	687866
1146	526590
1051	555440
1103	755149
972	764897
1103	839924
1043	768927
761	579673
890	815930
1162	939458
1362	600843
916	566010
895	635552
1013	682363
1014	686966
1104	681627
906	637661
986	553718
1246	530483
1046	639549
897	477037
931	504590
831	610422
1098	746941
1017	740985
989	710478
1016	553405
951	494404
1121	724553
1098	858490
1110	747635
1093	760199
832	598320
860	665700
832	572331
1051	878800
1005	757981
973	796029
1011	795155
1181	783066
1126	713838
1036	717669
1180	744350
1093	611994
1018	498712
1050	453905
860	623663
896	565020
942	785117
785	453645
849	601866
1110	592093
1094	732491
974	543882
991	522690
923	666323
999	614213
1220	975597
985	544304
1092	1044396
1041	851329
1121	405334
1148	777838
779	423686
1125	657030
1060	342384
1019	688142
1164	521021
1106	689011
1078	457765
1011	674161
626	410200
1183	970534
621	532047
1268	750488
766	427646
892	501982
756	464722
927	500486
999	460679
807	560656
932	603447
1076	745331
1012	484010
806	497015
840	466368
1023	414079
884	391090
886	660382
1138	684635
883	446563
947	432369
1002	647378
1081	804533
949	636812
1098	791019
884	413935
1048	726088
963	602372
932	663006
1036	623617
1091	527802
1053	429967
1194	635633
950	693355
1135	549161
1126	591358
1129	519872
1079	617476
920	704264
1114	480961
911	600039
1043	556635
1084	993242
864	449376
1085	794077
945	601474
976	330604
1073	419158
1043	318791
992	527035
1086	489230
1064	818739
1032	764622
1195	612081
793	560336
996	662884
811	513744
1088	589139
1050	556876
846	531045
714	557145
907	356520
883	547166
1120	710102
864	709946
1419	1094791
941	533723
1069	809409
907	631225
949	498656
987	452802
1216	933694
1263	754312
937	441766
843	573359
1051	792413
893	410516
1232	630365
883	456333
989	505557
1258	545137
832	625728
1187	1074918
926	440387
866	281602
831	827879
731	561874
944	635658
1162	522227
1017	861407
1117	909866
954	764061
999	479874
951	615196
1240	818696
1157	882402
1064	722552
992	538053
993	690168
1233	792493
1037	905783
1165	954239
948	360789
964	609140
1123	658316
1002	901710
1087	808467
984	661928
1231	764869
1048	572065
958	570877
919	245926
1159	412356
1144	525526
1100	801374
968	572513
1053	488868
957	760709
1052	866409
1041	819434
1082	877034
988	555978
1154	881251
1052	603960
1048	714412
1180	442747
1212	996198
1260	813277
876	707270
1243	664587
1094	351562
974	258076
998	722784
836	437580
884	715803
913	322986
1073	639722
1109	653094
1064	809941
838	691614
975	457082
954	594479
968	525153
848	379275
1036	510495
1094	558418
986	600138
1051	557026
918	518369
980	323033
1021	644761
826	548501
1005	625847
1236	659417
797	410989
1086	705223
827	653310
1151	776005
793	539922
1006	618313
1081	808111
1094	888642
1219	711055
932	484434
1123	643423
1074	821341
1246	530226
1166	853206
774	490307
884	557398
1045	587651
995	684240
1067	332910
908	525009
1073	776408
914	674663
978	371214
1070	664089
905	545315
1120	1012557
924	446271
1079	742958
915	520283
1074	447623
794	426266
1085	723584
955	539071
1004	709854
913	630284
958	524779
873	406053
1040	774616
856	619319
1045	787120
1131	713831
908	640896
944	742066
982	717410
1074	693131
962	467198
921	501892
1039	588484
1158	509110
920	513837
925	513174
1022	692111
960	486946
1093	867358
1164	883902
896	719678
1165	417279
861	589219
818	359145
1035	566666
998	677498
1199	715781
1266	772385
1137	748509
1304	1130133
1116	743670
1064	557930
1095	830005
982	655175
1164	681054
875	558437
1095	775585
924	696330
880	553885
967	471691
850	561554
1096	679607
856	792462
1136	610231
941	732410
1251	641230
859	447250
978	647342
1047	654542
900	601475
833	495084
1018	577055
1142	892347
1011	539018
1103	726962
1122	788601
858	723803
1244	982110
884	621971
1146	878815
1057	690878
980	454263
1033	604718
961	526603
1023	800775
1030	536564
979	599120
1069	729005
1074	652853
1143	681224
972	558122
970	596474
724	473817
1317	784445
1035	681259
1006	717645
919	739015
968	498519
856	501466
1005	577710
1145	612207
767	464741
1080	683110
688	318725
753	264646
944	569602
835	497948
956	643994
898	553727
934	844605
1080	742810
1189	985550
1072	754282
961	355118
1053	891574
855	502295
961	594362
877	421794
977	553032
1046	640835
1014	486162
1075	709225
1146	716201
1321	547582
1082	830284
959	606555
1031	424106
1120	737714
843	376339
1202	864747
900	464505
771	663713
996	679834
1018	515138
993	668990
1055	863378
1071	594653
1047	714707
1149	487737
1276	1106343
984	562084
1151	550570
953	511452
1205	911306
788	523800
940	459586
960	544029
901	397755
851	543592
948	417370
1027	640470
907	473629
688	596318
966	643612
1005	498327
733	331304
939	531890
1186	902882
775	538407
1071	410464
1009	649492
1217	474546
1103	390286
790	444860
895	490200
805	348189
845	518641
994	831938
1024	562776
779	439562
991	417057
940	582981
891	499177
1056	713209
1294	817675
1231	772094
1026	499039
902	699861
808	572692
911	658295
1075	848566
759	346083
1035	591087
1031	718633
969	633800
1218	785766
1120	805788
714	461650
1042	468479
954	422711
950	440514
929	708021
1174	505498
1043	637555
1136	825753
973	610134
675	403876
1159	579887
1151	823054
1083	547400
1013	290341
1054	471613
870	699033
885	451549
1121	928383
1120	751318
1128	627847
1031	516266
910	633222
1106	484375
1199	739461
932	504345
1009	760379
963	425566
919	428117
922	457194
1000	828627
1150	1036206
888	572230
902	671053
1245	1006408
904	663155
979	538975
1020	456154
869	544928
1106	826886
826	508508
849	606120
1035	449038
826	537251
1171	831579
868	479807
935	443666
1254	1100511
932	451236
849	566655
1355	958313
1022	699338
1035	849810
960	551360
1122	736744
835	512158
922	534305
1028	686003
978	404170
956	661680
1207	657095
667	480808
1061	672359
829	328283
942	700535
997	580141
931	669544
834	647358
1141	934108
872	407028
956	497915
801	457145
1252	401086
926	579360
1108	924873
1046	573103
947	511952
875	659561
1048	649846
1250	773273
1188	583449
840	568084
1194	685947
813	606212
1118	803154
973	579844
889	521951
912	401508
1174	447443
905	492702
1070	793216
1060	712522
896	479956
866	586276
997	751575
1074	737796
997	502185
1083	499607
974	628843
916	522409
1061	653652
1008	548963
815	506377
956	601863
870	544734
888	687236
1213	721076
970	529890
879	675314
1052	660814
963	626653
1122	895775
779	484706
1096	692291
1014	517009
1199	714599
955	885981
1138	676599
909	433833
896	598197
1033	678275
786	497489
1176	1068302
1083	813672
716	563847
856	610841
1075	831253
1017	515873
955	661980
1048	729692
1047	811148
1067	426574
868	475888
941	566889
1039	655539
921	510925
975	468018
778	630599
1116	802792
1163	415629
1036	692505
956	409798
978	440226
1179	854471
920	590471
1031	583727
1066	520949
1148	847280
840	518838
1143	838991
1048	653389
909	574024
967	453567
768	431607
1077	726442
931	608159
1199	930586
941	570725
768	501136
956	687447
1257	882545
853	578063
1151	493564
1150	640022
938	612355
1006	710629
932	665720
1035	537070
965	450860
899	563127
1147	680859
861	448030
1076	667561
1019	249120
974	578252
942	653948
1139	758986
947	582255
1310	951230
836	568268
1056	773234
730	537176
1149	452191
964	657274
1016	650804
1160	798056
922	598354
963	507911
1044	426740
831	502514
910	672481
921	678090
1340	801744
800	485951
1061	643387
1142	765139
936	581720
959	582928
940	538388
856	565592
1261	805684
726	348379
1035	434722
855	461157
1062	507439
879	617493
1049	432317
1015	724522
1321	925324
937	583362
749	510398
1117	666118
989	574165
924	602337
1197	867621
849	487434
894	544321
279	192225
925	615488
1070	790559
968	334286
953	745918
1056	795733
1036	588919
753	308450
1325	867022
1059	658611
918	535497
1071	465353
895	669272
1158	897204
772	567219
916	686312
838	546706
1212	736183
858	756852
788	518615
1173	751079
997	803153
721	532542
789	497257
978	610418
1103	634789
1096	591439
690	591901
897	499389
1154	610098
1153	664676
1142	557654
1016	901844
1116	752695
873	547686
1174	841777
709	479304
980	464603
1085	528444
1097	607931
1163	886907
1286	785469
1153	1056948
654	404010
1038	577206
830	507181
1002	374790
751	299246
923	455398
828	424395
1119	680775
855	652461
1135	652231
1045	715830
946	424755
1104	626678
1052	612520
903	504517
986	340764
876	743196
991	743219
1062	676220
963	679374
911	695225
912	565523
1115	995309
949	493306
890	767789
1031	874142
752	514511
964	716889
916	523508
1077	529413
860	598369
1022	514033
1101	566454
883	725774
1147	716118
1135	491182
875	701418
1082	720722
1185	911672
922	885701
917	428884
1075	599048
1237	895078
1082	774746
1032	590800
1098	723560
1165	878755
1020	686800
1046	587558
1043	752089
900	421702
1203	738189
1180	804557
999	501298
951	660790
1000	335779
856	416537
935	517047
983	515086
677	462959
1237	934404
883	530607
1005	837762
1045	905364
1182	719902
1253	834321
961	504892
1013	493556
975	797869
947	670920
1150	1042443
1129	703707
988	851010
1008	867057
1143	788811
1145	606833
1092	722498
1122	746202
854	577449
1139	698107
781	477049
921	713565
933	503315
1175	551873
1086	657587
1210	741726
1129	960386
1056	545815
1011	572026
857	735569
938	622912
1047	907236
1098	611795
862	445616
945	580539
1216	725222
761	496079
984	815672
1258	784504
1031	651487
984	720859
1313	499916
942	533307
1021	674039
904	478042
1127	561275
888	416592
996	568821
836	646790
1083	583158
1131	512029
969	761812
1138	785464
959	369345
957	568095
1082	784217
982	492459
1071	613723
1056	530497
1143	752256
1071	778708
1087	800417
957	337374
1045	552629
737	483072
1185	659354
1077	531993
1309	500126
967	562378
1162	707810
968	736929
751	574151
1109	752831
713	268018
1012	640704
1050	665931
821	431886
946	585456
936	705324
1194	890200
881	695713
977	566995
1138	653255
983	550436
988	837183
750	520939
1121	696508
909	668545
1402	742654
928	796947
1088	742116
1245	692132
1003	547346
885	373055
1194	861867
1395	656351
937	621941
922	535246
1106	812501
996	461359
1199	606262
1071	541325
1249	794815
1050	880178
1049	757590
1061	481917
707	390341
927	685696
493	178031
1579	904116
965	676580
1015	418818
1180	927376
1200	648154
1137	601644
916	400480
1051	702832
1320	800907
866	532220
860	714509
941	594545
899	473327
967	775639
655	410049
910	439510
1014	499202
1390	685382
1149	627488
1055	696158
1097	628453
949	485948
996	370820
1063	449919
1027	558676
993	507963
1130	1021413
988	636913
913	356255
1195	881864
1074	581624
1053	856596
796	561669
1011	615435
833	560149
1067	423516
1071	654668
1010	643790
930	639447
935	657848
1028	691216
878	642610
1076	709277
1120	747179
1289	852032
836	635469
925	635987
1082	399597
1082	696819
1000	761909
1079	706393
1022	775842
973	693260
1211	1099196
1055	519768
869	650058
869	575196
980	586036
818	619480
797	314682
821	486081
1202	552910
1188	589762
1014	893067
910	524410
1105	670716
820	486488
1013	418132
1144	921322
1069	463985
1218	759419
814	496025
953	484644
1041	622026
1046	370040
921	543236
1056	608901
1188	661892
1043	424933
1030	535052
943	531331
1111	537784
1041	466271
1054	625878
1005	674034
954	376532
996	748763
931	827688
1205	785840
990	808404
879	644055
874	643130
863	695504
768	373997
1071	842449
1029	580925
984	558430
832	465817
917	594582
1267	661011
935	476783
1015	688740
1122	689146
892	546554
1381	806201
1126	830956
1126	1051730
1021	768344
960	652142
960	697115
959	690393
904	612627
943	883726
1204	676078
740	408924
1085	652064
1137	738583
1042	686972
838	463439
859	578031
830	426244
1059	667294
664	356910
735	601494
812	471190
975	664062
948	682146
959	643248
953	721560
990	757058
945	791495
907	429418
890	509340
1062	641653
1034	464992
1289	675549
1097	878083
772	445456
783	465094
1055	599674
1068	856764
922	673050
1000	709353
999	809984
1003	559651
1073	930869
957	678285
888	666261
867	583901
735	423494
849	610357
904	334359
934	519385
1191	698610
807	450293
979	594032
1288	688147
969	617421
1258	541596
918	513417
1033	618180
949	539000
1128	604224
996	604596
992	730697
912	813404
926	740906
1173	726916
710	509023
1254	1016545
999	606870
1228	647626
1108	683924
1129	725577
1074	628798
853	492234
1182	550892
1136	837610
979	783234
1028	681457
1270	856318
1025	793160
818	410487
1054	543666
1040	790533
1133	677543
1010	852282
1103	515434
1024	499861
997	545513
945	673056
911	689073
1178	671897
1046	450866
879	620683
923	656124
1216	784719
1060	676895
1069	606581
927	541361
1180	916962
789	698788
1028	702569
1026	633503
888	772297
895	831742
1235	833898
965	492129
1081	594377
1253	973827
929	433351
814	383790
910	678287
1036	551656
931	474165
992	485313
1107	788946
1008	839676
1080	677497
1165	486161
798	567632
1015	694159
874	606354
999	495396
858	472963
990	660298
790	426573
1036	776692
966	619790
1052	752720
892	575083
902	555564
900	532943
1084	676591
887	363473
825	644164
1264	719451
934	582729
1030	407451
914	558404
833	442380
772	416130
1098	647624
1036	670816
891	548579
1145	752736
649	369126
1000	654665
991	845646
1008	599187
1061	600156
786	605694
1190	721037
971	659251
1100	736127
998	807518
975	334170
754	465483
980	419172
1231	886125
1136	635892
1016	650355
1360	897268
1070	664796
1014	493364
1070	627277
1137	731990
873	391640
996	525161
976	674997
1101	733491
954	588076
937	514850
1295	508288
983	697226
977	582651
1004	478820
1018	805258
1203	901012
726	516196
1000	658850
893	352948
978	569056
982	701255
892	783183
1074	645546
988	481228
959	565608
934	537397
784	377821
1051	619756
864	606865
1096	766878
1127	639034
1000	582459
1065	581913
976	676062
852	609332
888	544943
1060	362097
1287	843014
1041	691660
1035	775569
870	402687
1095	596215
1287	1114718
935	484403
1142	758884
1162	816098
1220	768483
1172	826862
1168	512759
928	665839
1027	864596
1063	817138
849	519628
1121	749914
959	596697
930	418807
980	457897
888	410103
1093	746457
671	522243
1161	604141
966	711977
1102	567976
775	518220
896	643045
874	634233
1023	587235
1067	658976
1002	722307
998	530587
804	516086
915	713036
1062	577748
900	496319
899	571742
955	771956
1154	602338
1027	626069
890	464606
1030	519662
870	573802
964	720234
1027	829611
631	392557
941	453925
926	477252
1116	745923
995	386546
984	704618
763	588563
1042	711428
1054	651286
880	641902
1249	850489
827	427976
1152	556758
1053	661480
1211	739626
892	551626
963	873885
884	575174
1130	591052
990	662032
1034	592532
909	596697
920	560775
1255	829465
764	566015
1015	660450
798	697538
819	506571
1229	642660
854	575500
1353	642462
1089	759804
963	635141
1040	473669
862	557624
1199	967077
1232	974257
1015	492750
844	538756
939	572124
880	606453
1015	497956
1049	511038
920	550374
1006	653942
1094	546290
1105	498900
912	775312
1066	592940
1021	647404
1163	884045
891	653865
1221	763687
944	771284
846	390568
769	501744
979	412497
870	714556
796	558514
1216	531260
814	449171
815	308936
1342	889931
1060	640092
999	537867
1010	353545
957	464210
849	616529
1064	563133
1021	675574
880	396179
776	592442
1177	1003125
948	363307
996	761465
931	346248
1254	902560
708	468308
825	646426
1086	728373
873	550987
1122	421651
1066	666312
824	497082
970	598625
1150	359289
1070	746326
979	612097
1230	1070084
888	412169
996	636058
933	787130
951	451146
1017	745458
1148	616559
1012	551730
880	648744
861	623560
1143	710197
909	740563
1159	792216
1079	620302
816	468586
956	509427
998	600942
1097	727331
1250	619948
807	623070
1040	768243
922	641926
884	708356
1055	521713
946	737988
1088	916905
840	512557
982	800457
1005	512449
968	755278
969	638685
1008	662728
860	470027
867	707057
945	625064
748	282824
957	531106
940	456200
861	468056
1128	680235
860	379734
970	492555
869	569306
940	596158
1083	630740
1114	590494
1036	535157
815	464049
1057	466477
972	585152
881	240739
1009	338504
854	380666
980	622189
843	555516
1028	773248
1063	898539
1052	535118
1054	647245
1137	705821
1208	588443
1225	750890
987	623714
794	503934
964	520903
986	647222
1132	757038
983	845830
827	351489
1062	431214
925	545677
990	645776
907	665171
794	311022
1180	766979
1031	642369
907	379040
1045	474608
1104	389531
943	769812
1014	629163
700	562392
1284	702187
766	529370
866	396708
964	574766
918	421994
993	692750
984	463024
1008	537116
931	548237
731	339183
1133	720381
648	338624
825	441715
1152	964074
1114	732645
780	607814
891	362918
853	680706
921	802270
916	587209
1026	562038
1061	757439
856	519890
1108	709646
954	559857
1158	699852
1016	745973
807	395613
862	350778
1069	756636
1039	720290
826	519530
1137	654204
731	555197
1065	870349
888	496196
951	604873
835	475866
1164	657520
1074	777304
1128	878887
882	505598
1013	410596
966	666982
1009	873119
882	585837
1212	682775
870	425018
1138	564901
924	752832
1263	666563
1083	668698
973	480287
893	727018
959	597490
847	526415
705	477358
1063	717737
1071	805869
798	600666
974	407284
1048	568065
1217	614330
879	559051
1248	1008455
965	654688
984	749798
1080	539997
902	643170
1050	560592
980	677008
1088	436928
814	667194
802	411735
1116	759094
1086	892563
987	659693
758	509658
996	715996
945	525282
1223	704841
956	428450
933	452419
1066	637268
919	589125
980	990792
965	625150
931	729560
1298	645094
945	784625
1090	694764
1128	646420
959	400596
950	456383
1228	839464
1126	889894
729	435249
1099	857328
1030	624026
1067	822547
920	464447
1061	688924
972	910738
990	657758
1000	616106
1044	550872
1137	620525
1027	586005
1119	682629
986	782014
731	380725
968	673947
987	764535
1209	818273
1047	662684
1089	656584
1323	724534
1318	997420
894	588824
961	805561
994	723967
935	628175
1200	744573
936	475387
1068	762742
909	678179
997	758095
1003	655698
987	477325
1066	652643
884	469957
1024	734569
1133	910591
1096	607747
1198	613367
1106	696606
958	692693
1044	566544
1144	808895
1101	602959
1102	924273
909	591010
1108	935546
987	552383
969	418934
887	700134
1014	590737
918	531278
1313	649287
988	297819
832	308149
884	357034
1094	763238
832	530658
1111	540579
1077	608586
1012	684458
984	581778
908	500311
1178	669675
1011	750938
961	485069
973	445870
856	521536
869	626936
923	687666
1101	942275
941	624599
1085	613974
889	753444
1002	729840
981	839652
957	885447
928	357242
1007	537515
1114	655422
926	566695
1083	772759
853	445779
938	491309
980	627441
885	752845
1091	572256
817	410322
838	546982
908	495714
912	640399
903	419828
1251	1010443
1198	1009969
826	539493
863	415462
956	636422
1019	498388
890	560753
805	532658
1042	654936
1089	605872
944	593122
942	714894
1122	443754
904	369604
1198	547619
663	486239
987	532779
1175	817431
1152	681762
1076	496385
965	744566
806	672160
878	566546
1063	536264
954	853584
1207	714289
937	363975
1142	736102
993	633267
687	470808
937	540912
1124	524699
1041	572431
1086	653654
864	525994
1206	592772
752	572665
968	860748
926	699544
902	823305
826	588507
964	710404
991	693050
850	310070
1057	889196
877	345103
990	506906
925	784273
984	802584
955	408422
788	398580
1041	599568
996	564531
907	565172
1013	704292
805	490048
1031	531829
1083	697679
840	428154
916	583044
1051	588989
1042	412824
899	590454
1077	479014
899	507830
844	525746
1098	759697
830	525566
815	557098
836	452750
1293	1032144
1163	635131
1162	771979
1031	686491
793	353463
1004	807776
1224	763461
810	307997
955	642413
1054	507488
1047	499515
1102	497828
1229	954877
930	337469
1278	827846
910	528975
1134	600871
901	285219
1327	779736
974	406016
936	641117
1161	645297
950	511924
940	638658
1001	699931
1194	771458
1066	700686
1013	695515
1079	766005
835	390253
1082	937516
892	575512
928	615491
1052	799092
1005	702740
948	546646
1046	646292
1100	798973
986	804696
1285	635908
745	676578
919	561423
1238	444011
1162	602216
1077	563447
1104	626746
923	362448
1191	993913
882	535395
779	493173
931	563601
873	555282
904	565550
1133	806258
1076	458054
963	551607
928	530213
1114	748648
1123	586966
1157	523046
1072	470889
1019	651849
1041	675072
948	752752
981	614521
1003	454896
685	476522
805	533602
1052	676497
1026	800894
963	399849
879	592348
1107	786608
1026	748179
1060	642974
1062	757492
1005	772161
944	582077
927	562652
954	544167
910	380153
994	658512
1096	602126
1104	783761
913	525266
1045	719999
1130	734157
911	500108
762	453357
1066	866725
1089	681186
1100	866643
855	446366
1095	581468
742	443700
1095	768674
914	620630
1073	863163
1256	805135
1162	921085
914	498529
825	382102
1333	561660
986	514030
790	479717
1106	752170
1130	481346
783	508212
923	581598
860	558224
924	706897
904	659289
846	459833
765	568818
1125	804189
819	423292
917	403771
1150	699028
728	458647
1079	841394
1255	780569
864	630439
1159	793264
920	542842
1192	1106730
1151	947463
865	588789
1057	548095
903	494350
751	572997
902	294365
941	647092
1173	442776
986	683456
900	476223
1027	668997
823	526081
1064	629166
1173	709251
896	381113
896	569297
984	799026
828	470776
974	526358
1128	661314
1013	626073
1014	480325
1070	1044998
827	366716
955	724914
902	814420
981	551777
876	663659
1090	739392
818	525068
986	673624
1051	785397
871	511135
1094	657110
876	571277
955	577538
979	572148
997	481776
885	604032
983	613516
1245	708391
874	648638
1134	648633
1025	646496
973	655130
1254	558149
971	448030
832	565115
879	687799
1102	646138
866	366713
888	610247
811	524885
1169	671527
1065	671971
936	331518
907	583419
880	711140
1031	521607
727	373753
1039	608055
908	436422
1042	520197
994	697071
1092	684672
1052	635302
1197	971432
1110	552624
910	742935
1338	977942
1035	752485
889	495888
1261	1075725
947	622093
991	716812
1151	576777
1145	843779
1002	427900
898	444645
997	467708
853	584963
814	553953
1213	602652
1127	776742
999	783536
1026	794374
989	509264
888	556624
762	570906
1143	552748
1189	915976
1006	601344
972	562631
1035	789459
997	605060
1015	856473
1176	791484
1144	814589
1286	672050
953	654026
1145	818756
1135	481183
1034	617214
1102	640560
1190	612636
924	761029
1144	535306
807	438809
1134	897711
895	676863
991	645918
910	505807
1101	729725
1023	638917
1102	697640
1081	889183
1211	876804
972	476373
857	590493
811	370182
1248	966221
1095	803456
945	601972
1101	975650
833	423189
852	469171
1111	687460
787	476965
1098	329461
1245	786597
947	518771
957	587360
925	350578
971	576493
783	530764
933	550804
1287	622914
831	536590
850	372502
1170	794331
1123	448458
877	325046
1005	440211
900	700815
1122	761327
1074	601209
1048	655006
1211	1024530
657	314340
1156	522639
1063	678284
1214	412836
853	608674
1042	640716
1093	836816
1045	369961
1145	669584
1119	1051640
1123	868653
1100	556605
1010	716059
1116	976383
983	655438
976	564658
1119	502318
926	492888
1048	633937
1009	680088
931	472152
1160	582431
1190	731250
975	760142
1233	566345
1274	642150
1093	519086
762	379676
1048	1067715
1037	896846
760	281326
1278	749850
1055	771348
1300	759842
868	506708
975	558154
737	576594
898	501561
1031	589462
959	871500
1082	568858
988	210385
1133	616102
933	627314
769	391919
1129	900982
1220	726237
1019	716115
922	742938
966	670038
959	633686
1125	768150
859	528594
1147	834970
1254	793429
922	638862
978	514334
1025	799607
1013	617750
1012	645791
813	525004
1313	980711
900	620589
676	527506
884	769118
900	351686
861	399581
1127	466208
727	531647
1004	870869
1095	905393
1047	518191
1156	825110
1038	698290
1003	734075
828	427853
907	625943
847	386182
1263	1042768
1197	610218
1090	667247
1159	633556
790	616270
920	495056
1172	707083
1111	437383
1118	652431
945	534550
1103	663270
1004	733808
1202	765599
974	588412
947	559197
981	548644
1117	447149
865	341592
958	790343
1003	576834
1272	954513
1134	469682
1349	786608
971	704468
1276	767353
970	658016
1102	1047008
831	555782
1179	719957
1029	578819
1032	334093
1089	499104
742	308400
1137	697136
1046	578547
1108	459246
1052	459490
1023	691785
707	380659
867	693798
1126	400861
730	434637
987	872075
1219	873278
1055	742826
898	353823
977	662329
1065	625461
895	563788
840	539222
845	609904
1017	648405
1053	580616
763	534976
770	477483
1063	507417
716	390416
1099	737090
992	609534
1013	559376
1076	768994
1207	762436
886	540591
994	860738
1073	624747
978	474213
951	792361
1031	540107
954	525952
908	431184
916	743617
929	465975
1093	799946
1020	589608
994	515780
952	717725
924	612483
924	640775
1187	823047
1146	904739
996	718334
1081	475033
775	487968
1188	720947
952	706586
898	563428
1247	676524
840	504658
1142	645132
862	622588
1140	802464
892	514852
1192	646740
1019	746165
922	607835
807	485973
1292	681905
731	429022
1145	726103
956	686389
866	643421
1136	628096
1114	809357
1075	760387
1178	896697
1008	837488
860	434445
949	488837
767	612171
1158	824602
928	347316
932	584887
1130	983246
1110	663526
1021	627457
1092	689898
1083	873936
1000	591401
818	514694
1064	520499
996	598783
1020	216005
977	689076
910	542118
1046	413067
1028	485602
872	663060
1136	794045
1020	645201
1193	697036
905	659233
974	852459
806	561930
931	621704
1123	680290
1104	897026
1263	820748
1028	693033
1017	829937
1086	579441
1017	710149
870	474892
947	565368
923	783694
918	542783
1184	658541
840	622103
884	621630
1047	472344
943	749071
1053	571650
868	455000
940	515273
1061	929368
892	468132
1041	615292
880	665725
1171	823995
902	698555
953	378271
894	466812
932	513299
1025	666476
1181	907197
1271	495095
1068	452315
1018	796484
915	441047
1234	948626
876	543496
913	600309
737	389606
821	390611
905	439047
652	487803
906	415763
975	465834
1010	747629
1278	951058
971	654907
858	539227
653	455095
887	404020
1145	704901
908	469311
1014	498893
863	404816
1128	582399
1024	434690
1058	701355
749	434181
726	428105
1178	708185
984	553852
1151	635002
986	590469
867	473780
959	575119
815	509008
973	553205
862	669705
912	561457
861	405306
1085	691097
790	612051
972	580816
1218	865413
1106	445644
812	482772
986	519452
862	550039
982	470368
792	332534
868	499168
1069	484894
941	549080
1061	700374
966	635170
1167	775070
1239	896260
684	508712
1069	552207
812	595134
1109	474622
1014	512915
1108	595509
1037	406151
779	750328
1116	582396
700	597771
1235	504920
980	640926
1058	630305
1277	854879
1313	1001739
1025	878052
1083	719526
943	576169
997	777513
1048	704235
1099	482966
1225	935691
979	701957
1044	618391
911	559173
1030	612986
1062	736482
987	683790
895	493000
794	534459
975	637989
1227	958470
872	639974
1157	782344
800	480399
858	386618
1041	587779
1042	672518
991	759269
852	431730
1059	660297
853	704412
652	437519
1271	822518
904	556106
780	423435
841	288211
1462	939544
900	632348
940	665090
984	392423
823	447370
1020	608165
759	288012
1022	825914
888	523836
1157	880474
1218	1108385
998	743746
1134	309341
981	653866
1024	409920
1238	737325
1174	691940
1145	784809
1006	697503
1088	724917
1256	941997
784	556566
836	471674
1000	762916
950	662376
1012	768631
1037	536012
805	667372
875	641203
1096	359323
1092	640439
925	566720
934	898587
1123	614844
1141	581819
1024	905608
1117	805178
808	729574
952	606899
842	539694
1030	559651
1140	961088
834	540725
965	577386
915	574534
1122	654463
909	527140
1144	804375
1025	465373
1313	866517
1056	667337
904	551947
1057	540356
944	617170
818	362361
1061	832198
965	777014
908	503171
860	568699
1074	663993
966	674367
872	501906
840	480398
1193	476544
1049	430068
1269	891997
952	565904
826	684782
998	592103
996	518214
1004	652901
1041	692278
1084	757971
1102	688130
969	371734
950	678611
977	796947
792	489468
1070	871327
1339	1129097
1155	530757
826	736993
745	476974
801	572440
1246	917936
1037	768963
908	395595
988	486689
932	524488
892	466932
1244	668457
980	673778
1058	601372
815	529548
1066	773694
999	507701
929	682058
1032	535901
951	520256
909	657502
1258	778781
1161	676923
1296	769614
1027	553135
1092	881178
1075	568780
919	661925
828	531460
986	787743
1135	662148
950	686745
933	526721
852	498442
867	759535
838	467021
1177	716227
941	478341
978	741991
1138	792106
891	730545
1186	660116
1169	571778
987	558216
1035	773761
990	793375
856	706563
1129	487396
1064	420166
816	573932
1038	798005
979	828711
1150	804275
1031	689760
1155	821780
896	587087
1091	497571
1100	597305
1032	525941
939	804867
1201	623409
987	551914
932	879823
883	703618
1047	808622
1028	716442
1211	489238
883	528704
874	577115
747	492527
1149	622378
908	395272
1299	589547
1058	808171
1015	549140
925	642502
877	637475
909	515523
957	552212
1162	932825
1108	517363
883	501045
1082	805896
1050	650211
893	687255
991	646054
969	502808
993	861597
961	503318
924	614970
1117	730855
915	518624
972	417788
1008	692761
949	509292
817	401192
1029	648389
970	644006
753	580863
867	746496
1317	910651
969	409995
1193	826692
721	316198
1024	880681
1019	640162
901	404531
716	347571
803	656058
871	455002
842	577070
899	459826
1182	645892
982	450095
1131	675216
986	549490
876	663680
1099	491431
1089	634477
1147	1048430
1038	586750
961	776924
927	478604
1108	930344
915	364194
998	701155
893	439812
1092	907087
1147	872256
1008	500088
1126	518799
913	604816
1265	939623
1070	604683
1039	844972
1124	1067894
1007	923514
1064	836920
1040	896370
800	437484
875	573888
1206	647012
1158	607914
891	307450
1069	454540
863	356678
973	481436
1227	757898
1061	733286
852	442298
1152	690464
952	669626
807	429464
881	437260
874	490782
1197	711369
1049	745892
1082	466759
910	843304
885	575346
1035	843607
933	673773
1061	600480
961	585547
1150	997549
860	401914
893	542167
1045	658920
1272	1149680
928	664923
1138	453644
855	717056
1045	725079
955	586967
883	597730
794	690765
971	736623
818	551734
884	434148
717	365429
939	474114
712	476129
815	512188
1018	641875
882	564415
1076	894796
922	530204
1141	571901
842	317813
1163	716599
1110	651558
988	621993
1068	502473
825	621454
833	454877
982	564990
1004	690969
1036	588339
854	652023
947	462801
1141	783005
910	633784
1020	676670
881	669312
900	432532
822	477517
801	600817
996	612704
957	698373
1157	764386
1124	912177
1029	658544
906	715522
1271	532922
912	654944
1083	704714
824	370627
925	584442
988	743917
1090	815460
1104	463827
1034	560561
1010	498466
1052	598727
891	688055
992	707872
939	532858
926	640851
1043	428852
1067	699036
897	341314
1057	644244
871	643143
785	366639
1095	658469
887	543944
835	466853
1078	650248
1160	1043879
1181	536482
896	336359
900	479525
819	467846
897	259394
835	516759
1082	772460
837	649402
1037	572461
847	426011
862	531752
924	777118
1040	695946
1076	993658
1102	626650
1197	602710
877	584598
1046	829471
840	627888
1084	699119
962	511317
879	362620
858	526388
1010	552449
1010	560515
959	629271
1118	739659
1140	705492
851	592296
1282	491840
986	557677
977	828463
1309	1059550
831	410275
848	479855
992	725592
1049	593538
819	627613
937	529394
1117	866804
1084	904594
1186	946979
698	501232
1093	629966
957	404433
956	787937
907	622059
1001	349614
899	502513
825	629289
873	317054
748	338439
1001	600601
1081	762811
923	564384
736	540602
1192	598380
948	666460
1094	814012
720	395390
926	455835
923	471161
661	217947
987	560970
1260	1089507
943	420954
844	530270
731	364582
943	801520
1105	990240
1196	757359
1061	493933
985	542052
858	571360
1279	1036372
1187	829874
1080	749136
1161	736066
745	489360
1090	800391
1091	657770
930	637164
1220	827387
835	631099
749	678657
1110	777007
1061	602497
1042	560539
1013	616925
1219	621387
885	458108
1167	759519
850	551058
1012	644673
1070	616686
896	569650
1104	710097
1196	902061
1044	573550
930	436416
838	364573
940	359187
922	693887
995	523918
1129	575657
985	674573
913	937987
1075	820785
880	800011
995	628226
1020	718723
865	377277
1221	921756
736	530469
1197	552040
1124	651526
988	665524
991	679358
1083	855622
935	719558
1226	791210
907	327814
854	483904
939	748126
891	687077
1044	845112
1229	765282
764	596344
916	434533
845	644020
767	480332
862	314276
1168	832978
798	412990
1131	459226
1139	703932
839	667281
847	528316
977	727159
1168	439576
939	640802
884	347208
1209	492099
998	687071
1073	630299
1208	948580
1027	478713
785	733005
1129	743091
938	781450
904	437738
1058	458245
1231	718283
1145	712850
1032	654349
1041	751895
816	570042
828	366413
816	669745
1081	506426
901	363175
981	895072
838	321269
862	532426
1019	663931
1170	954678
912	492322
1071	833103
1080	781449
1396	892623
794	513778
1026	614503
883	476661
1015	277423
932	592476
896	530824
976	361377
1026	583179
976	389829
1106	594064
838	641219
609	354196
1123	621378
786	528035
1109	467150
1213	787830
698	367882
907	345983
849	552529
889	645153
1066	869038
1031	681980
1063	832617
917	481942
953	575810
1137	752762
1024	416086
1003	611528
1211	844174
953	446170
1153	487628
659	358104
1056	630741
943	464211
984	589193
906	613549
722	362113
1146	480176
753	586358
1188	836948
812	450827
1031	683364
966	732381
923	707429
803	491556
965	578089
967	571240
1067	427677
1011	784582
1186	978184
945	562942
949	455289
1020	696197
941	514939
1160	709979
1102	926339
1011	829960
1056	796426
910	710367
839	558982
796	297039
1226	943276
1288	854010
1029	866696
1099	653629
1012	461423
1173	734294
1047	632670
992	489072
1102	966657
965	573127
1117	624590
1177	921869
1207	1096172
1073	639551
1039	692150
843	404339
920	662486
810	367095
1166	729422
1024	651719
891	450870
1002	748952
826	554089
1058	475543
976	670968
1054	493784
958	417320
941	658044
1145	617528
1046	647029
915	686552
1000	433765
931	501008
1158	725952
779	586891
1048	702212
850	418649
892	672986
1069	548746
937	479073
898	608365
1167	736310
1210	1078706
860	390864
1034	833652
1089	632616
877	688264
913	703155
950	670247
969	696157
989	728108
700	481127
1088	841760
1280	980153
826	309063
1169	434932
1085	597521
769	403668
1005	573691
1048	777904
1125	614574
736	348053
746	424675
836	508377
1164	371679
1189	902840
899	499818
1077	588180
1095	640359
1117	773761
1128	625425
893	638953
1205	658129
920	506337
906	524588
1007	838832
1067	547099
1058	590141
1199	719451
1126	592324
1061	377758
971	528413
896	413232
1085	713092
992	727576
1048	664437
893	702412
935	698273
1225	733709
1112	490892
823	557231
906	583650
1043	462073
948	696514
1030	666100
1113	849820
1487	960596
931	495915
836	524810
969	735814
855	557193
1021	528358
878	699045
1068	615814
1039	428715
728	562387
1013	505179
850	418796
1141	768847
1271	586095
836	580523
940	594826
976	416630
722	395238
959	729377
903	732091
990	840410
833	429701
858	505627
928	737029
1085	925495
965	600163
946	404740
1076	689903
1202	821041
842	646496
1142	723342
1033	754904
967	781729
1009	687488
1152	1006652
880	609590
1057	569193
887	429425
886	559402
938	417884
982	539846
1078	483271
742	511751
1184	871797
1026	623351
1026	896778
916	832460
863	370575
1356	951743
923	569137
846	567133
1009	444629
858	734631
1049	728955
1042	463763
801	277176
1056	719789
916	831118
974	657064
929	471410
1315	996496
845	753552
773	463298
1030	769638
1170	568284
980	722798
1065	458054
957	453088
857	478575
1126	529583
1160	894257
1232	960770
1001	496891
892	537153
1138	950080
805	475608
795	467515
748	444718
910	453067
782	435714
853	537276
954	270173
1095	646220
822	569538
1110	663824
775	570346
905	430687
813	530624
946	705547
858	374368
1039	799152
966	686471
1039	807311
1137	539296
1106	649206
893	649243
1032	439140
1223	728070
1063	769227
909	460522
1106	804415
807	704878
1057	629386
991	582937
1207	854445
1326	811932
1177	607382
971	536677
1142	686607
937	507768
957	534045
910	700787
820	578962
1063	781747
873	630559
845	610844
750	438648
972	537730
1038	666586
1092	851783
994	776151
945	548540
1220	723578
922	569183
1134	746604
954	607297
1150	583101
1055	581200
828	508582
980	655306
817	435433
1046	687331
1143	800927
751	343579
759	402037
899	723517
998	563488
1056	636956
866	634161
821	520323
921	545099
986	631548
1077	654259
1038	602266
941	374572
1024	495241
900	695559
930	401895
1004	586387
1022	529579
931	714645
1230	619707
796	454978
732	432679
770	438312
1181	569555
924	603739
1215	842247
1100	493200
1258	781347
1055	724277
980	645844
912	750418
1122	590627
746	645585
1001	448541
977	590388
936	588205
1168	737682
885	434378
899	531969
799	307357
908	517513
963	631423
1086	810877
978	768628
1085	767285
982	779015
970	658789
1154	602449
840	433406
782	522654
1196	791432
846	512336
873	550231
963	688926
1022	736315
1042	578381
1041	466553
875	510065
779	399969
1125	582119
1099	767482
855	535328
1084	541256
875	551807
989	347951
1001	506476
1055	598256
860	333348
958	505839
955	573272
912	605158
1102	644497
1128	503023
1084	679803
1148	532783
1223	886536
825	637469
1261	720044
942	492608
995	466424
852	642855
777	539082
669	330346
693	260283
1042	538255
1009	654270
1226	806299
1020	624602
1271	1019916
918	363821
1011	564557
1099	394957
955	593712
963	509249
998	652565
863	490298
791	313946
1016	649650
1036	631634
1042	628887
857	510900
922	563667
742	232442
1118	845315
856	610085
1145	589249
905	437626
925	622545
1058	658210
791	669565
997	406672
1022	544313
997	526247
1239	756273
816	424893
998	560032
1083	596438
845	614130
978	548889
1097	635882
1011	428641
930	627675
1108	587216
849	466486
866	441092
894	528737
1279	834406
1000	874363
899	720638
1035	370359
1131	771617
923	769924
1037	558854
894	699120
1274	737127
1096	670885
1128	938398
1120	932516
883	479114
952	546944
1006	490057
1134	755017
1163	769746
1116	519150
1076	874101
831	531499
1117	598256
968	752515
842	499531
1012	507472
1122	615019
1070	752197
1154	643516
955	597306
1041	780576
1042	430172
904	635663
1120	614450
925	594107
881	506268
959	892657
904	619635
1228	636301
820	440775
1011	711374
1095	914981
1043	529960
1113	752140
986	633481
973	547011
973	565104
1026	658492
1025	571448
894	768794
1070	746430
1105	800597
937	653452
989	690879
961	356871
766	333992
908	596348
829	525417
1187	680095
897	609838
874	553387
961	637485
975	633783
894	631272
1112	777830
869	526798
982	631986
868	505112
752	458718
1142	799936
809	312886
1044	479616
977	703589
1127	633852
811	687979
1091	444620
1087	476859
1173	555044
1208	824982
1131	731659
1182	626325
906	394210
871	606860
1062	651363
810	352810
1024	530166
1054	711217
983	341681
1225	479718
1133	850452
1048	697567
982	561913
1016	526469
833	692487
785	740022
1272	1044062
793	407988
1034	564386
1011	880844
1151	892906
954	691590
1163	714839
709	260781
1053	709831
982	552148
764	728308
824	509908
1312	1050332
830	429888
892	550051
1141	634990
937	688639
1002	742725
1054	689707
1185	541581
944	630997
963	756505
899	401786
818	419421
939	495229
1183	635973
1212	947098
969	624337
1095	598649
1063	416730
957	809614
1021	581591
952	563148
821	461146
1011	706118
922	521786
627	405897
962	640929
1049	443732
1015	513790
1024	940114
1171	677356
1228	630605
1052	961544
844	682787
990	689514
862	533753
1220	764569
880	483545
1001	750392
871	617340
1057	638792
946	582528
845	633961
1130	734686
1044	563714
1245	842670
1155	792829
796	476249
1067	414173
687	415570
1047	563402
755	560500
985	702847
966	778738
1107	692893
1102	774641
1090	664229
826	656237
913	507082
1131	514864
866	669015
965	584883
894	556356
1055	547633
1188	718022
1301	820316
962	570649
1103	445420
930	580572
970	387780
972	524475
1038	676965
1010	912934
978	567240
969	786915
914	362749
1155	458861
782	624796
689	335119
799	535020
975	750481
998	746710
1076	831403
894	681236
1174	824779
867	334983
916	402930
1186	568612
1091	544906
627	438500
851	660229
1042	573027
890	450713
843	661215
1028	539753
1081	868852
966	696227
870	577142
1100	865487
1184	670671
702	445288
900	364099
991	540074
856	579006
845	383585
1070	780478
856	733338
1312	550309
931	795548
1081	746683
845	483520
1009	429107
982	571940
741	607075
860	677010
954	786946
957	752927
1068	708982
941	736420
891	579835
1056	737398
850	500773
1193	722638
918	634025
1043	411866
1157	554087
942	630420
1055	615150
894	681020
1220	1221081
1218	768581
936	384282
994	565830
1115	877506
1072	796989
978	463022
1007	639259
910	471210
1000	738067
1008	463531
896	545928
1040	821597
877	605474
971	430975
972	497435
1135	1083449
748	297072
874	694278
1193	819278
1127	860129
865	635731
863	543379
1051	575734
1081	574803
1048	480474
1052	682623
1040	612954
982	371781
1003	451900
1034	887228
1232	864613
1140	766069
973	418991
927	470468
1051	451278
1002	606016
1046	743369
1129	685519
1103	856134
1089	638287
776	564953
1175	796074
793	417043
1020	755288
1271	807076
1057	748638
778	540098
1099	424613
1020	615821
1024	567332
638	512320
1073	567998
1031	689081
1003	475223
1087	551651
973	744368
828	487923
1070	566547
1115	725344
1111	750631
1027	509177
948	545447
1026	808253
1202	855684
1054	656604
840	398854
1138	973231
1255	817594
1023	623998
771	506244
921	572074
1205	556199
769	456176
1185	819570
1229	751638
791	516347
1054	640626
1044	499644
828	527725
936	443306
1218	882127
849	533588
839	634374
797	536734
844	370788
734	548277
1084	500928
1086	850049
933	751011
849	480655
932	375474
930	511526
930	550927
1110	769708
1122	611355
991	679643
1003	735584
993	863701
1000	621942
1071	406810
905	486428
1042	626563
1287	1078903
1038	488132
862	622669
820	681337
901	713279
912	510761
1095	698435
1054	563540
935	472427
965	402250
1269	749752
923	552092
1126	387658
982	447348
893	418741
1101	699804
1095	946680
1074	804705
883	573787
890	473422
926	535929
931	649593
970	701678
847	633914
1254	685075
1050	527173
951	647571
891	561516
896	594297
1166	882956
817	555212
1162	668280
836	380188
1111	690429
898	597781
1315	768909
724	364533
1041	747984
1196	614417
1002	685868
1102	600242
1317	737381
885	565242
757	435719
911	488629
1111	545636
1110	515930
1001	706332
1112	513405
1042	642995
1007	823594
810	452410
952	817364
385	286995
1	42
1113	822731
1042	731201
988	526863
994	793058
996	639881
918	726377
886	683487
860	392603
1020	691181
1099	623963
827	483982
1042	733750
1004	535807
713	569417
997	725637
839	514279
1139	583444
945	584547
736	383080
1096	500951
1012	798196
1222	841011
1043	750329
1021	420964
723	536749
1033	560964
1087	754638
1017	543667
846	549973
950	821332
1199	1026965
893	601280
1127	603918
814	538049
952	731072
1041	633194
928	723173
943	752866
1127	650842
1108	623030
1058	701693
1129	421139
828	381468
1014	571681
982	460456
1105	757150
973	573792
1002	917749
1092	888141
913	571003
918	545129
785	587551
1105	873873
744	512407
967	713349
846	365606
943	683414
1116	656155
1091	564889
901	583288
674	565057
1137	792214
1016	831918
920	660440
1161	609803
1216	647802
950	627805
1004	598830
989	502057
826	565545
1032	681067
911	767996
779	564418
1072	720565
1210	907424
980	693859
818	384556
814	694350
1061	755613
998	723876
979	671262
819	661827
1031	577783
1006	663241
1215	776616
1067	744700
979	437458
923	529816
822	483418
995	531426
959	797515
803	583412
1120	645396
744	588927
1062	780859
946	792968
838	496471
813	328223
1143	876323
961	483363
773	500583
850	579937
1230	734322
884	542935
878	380164
1001	691887
936	598014
806	678824
978	613106
837	567844
844	592568
1033	589198
845	531853
902	425548
859	581729
1018	606898
917	399559
1015	523332
1242	836890
1036	570434
1036	365411
900	451424
1269	752792
886	362419
737	555861
1091	524635
1105	899066
975	580705
893	652568
1040	768572
1030	427361
821	642490
871	717112
950	711385
1003	468293
1180	635008
1049	669444
1041	747835
1073	610498
1312	961052
948	684167
836	627380
969	559618
999	540498
880	523907
875	430708
1393	1148880
859	374680
954	558846
1070	667782
1224	747902
1097	379043
804	350246
1147	734994
1104	783313
1146	614146
728	530842
1130	623856
1021	771516
917	779352
969	619420
1012	461467
782	429805
1099	466030
822	315166
1220	741911
917	462230
1019	641051
1081	745112
906	445819
749	651815
1043	724675
1004	518626
893	707343
1158	558902
1121	577016
959	629158
692	513310
1038	937749
1024	534078
634	423890
768	481419
997	635281
882	493050
1157	766928
879	540515
1056	615125
935	736989
1051	652642
1084	513591
799	615945
859	605069
1045	638226
918	711745
868	352004
1062	886201
1066	723769
1082	516974
1012	624534
977	635321
876	495278
742	463940
1087	622457
737	488302
851	384925
889	335593
683	438161
922	450936
1116	722660
860	668586
990	575780
1154	757607
685	451050
857	438213
796	566308
1081	661828
1175	678735
975	545576
1000	622611
991	859200
861	475934
860	383464
928	398008
665	514701
891	596359
753	430615
1280	648126
961	462078
718	500620
1092	542938
983	335404
1013	714050
1155	615652
1193	653803
611	356810
776	495546
879	435685
1092	595485
1172	858441
1069	886387
936	464296
846	552978
863	404092
1063	978691
759	478095
849	492008
1182	477555
784	548517
933	276688
877	423101
1305	838708
817	424550
1000	761927
928	730268
1050	340960
1096	652176
825	481235
1002	721401
1002	719116
1095	794657
1057	562376
1074	563464
966	609417
1093	444059
1165	696493
871	529708
1193	790908
1107	558643
1179	586793
1053	574258
740	551980
987	498256
1223	914229
893	411671
909	664495
956	705677
856	610256
995	768907
957	388749
1039	563470
1176	877608
1058	668155
766	434267
1062	659536
1089	541931
1135	397209
897	477886
940	499731
1085	567860
1012	574268
868	620792
1150	694804
858	541757
899	498751
868	330987
1033	651592
1234	509505
1148	565254
775	726306
761	411072
1111	719196
1030	774527
997	468162
1096	777341
904	451094
932	457054
1205	914407
1219	734441
850	600853
1006	599167
887	502006
1031	616053
766	519874
1089	712481
1004	649648
807	447503
1057	565060
1078	607980
1109	649368
944	510823
1145	834316
1277	835006
890	438401
1103	375947
1101	720983
830	451733
1176	900882
953	573002
861	702199
838	510209
1063	842462
1088	503739
1057	768459
903	551205
1005	611459
889	855423
1298	647598
878	516522
1075	733805
1229	970107
1286	813443
1158	642431
697	368802
1137	635260
794	624930
1046	855218
1081	725357
1131	586359
1219	760117
1043	810668
1030	759112
925	708041
929	665384
897	574483
963	596410
931	508323
1012	817790
1062	854530
1226	1062806
1057	710404
1200	830657
922	843182
909	428383
1013	506670
883	576614
1091	769438
1308	648383
1269	654601
856	534513
811	601329
941	567773
927	522027
836	522541
1053	766031
913	742778
896	719559
968	567416
1008	842331
1120	617996
1270	759821
955	852007
1077	724834
944	890625
871	420552
957	510992
994	617432
1034	625470
1046	563258
794	355263
1013	511955
1145	609232
975	342057
1058	402365
1036	683765
915	615177
1036	463089
1008	610922
969	693468
865	595139
1224	638968
841	414468
952	479174
1175	800690
968	555073
1056	487105
826	547050
1131	514033
920	478990
1004	715139
1093	689826
826	479037
935	724443
888	513421
1087	751518
1052	628298
842	561991
1264	749711
1033	777841
1054	733662
980	580822
911	654129
799	497778
1177	737920
885	547448
989	519901
830	604389
1003	396970
869	479592
794	671900
910	699440
986	377101
1168	778188
1006	742491
850	490790
1180	667550
970	418411
978	279895
1179	747201
976	653841
1054	420345
1004	635432
951	472278
1044	703620
813	526913
1042	597993
1162	838338
843	671127
1199	737003
878	334846
888	622188
937	632538
1147	1020122
1034	666109
1206	743475
804	507883
1030	648907
1007	445579
993	545991
1065	649035
1030	547019
970	478747
1039	914200
1364	1005161
899	511291
1138	620240
831	387851
886	414948
1107	750186
890	598885
904	716679
933	625868
979	498403
1260	1120962
910	602163
1152	696053
1261	810594
759	374481
1126	582522
883	571938
1150	682747
906	635167
1096	836232
1066	745730
1002	650873
1268	1033740
878	543569
1048	784805
1159	726205
1126	958828
1037	395568
933	679080
966	455588
944	653700
940	700524
1077	750468
962	637791
957	507912
653	448423
950	482091
1063	722416
926	574470
994	628386
925	543432
1076	885253
855	670011
1071	815402
1057	950347
1290	679077
713	440897
1026	811166
990	782846
1189	866877
1241	668817
885	615648
985	729412
938	596253
1045	554087
1053	868921
951	558746
1151	466011
951	653721
1209	904569
1220	594454
1160	736699
1066	788394
947	550433
1093	456199
1116	601026
866	678020
742	454464
1190	504191
752	495537
884	490329
1189	756932
641	389009
802	542646
1118	990481
1011	843085
1067	639672
970	568198
952	678104
1067	699421
931	628132
876	436594
998	790356
1170	799086
1123	875294
778	594898
976	765485
1000	614296
1239	491928
712	398620
1194	912706
1020	602955
807	378736
1058	816257
1020	579782
984	710060
1080	686484
991	671325
903	436752
1080	1036553
925	369051
1018	860065
1154	700971
954	496316
954	654311
827	717240
751	383269
1076	740796
873	424267
1095	593887
1132	875523
1000	779609
912	590023
848	537777
936	613075
977	436718
1032	591755
1263	730738
1217	736914
925	470287
1152	852774
848	495503
820	444922
805	514140
896	313752
1165	658411
940	604286
1042	759560
925	538552
1063	802696
997	727689
819	486398
1022	723045
1111	823380
1000	690176
1066	611856
768	517776
992	555230
1146	602927
948	538047
1103	668711
1009	712915
1018	725973
962	418457
959	618426
900	425636
1023	587866
992	665634
847	488809
894	443805
1081	688750
919	481135
1283	648411
1008	606168
1092	454940
940	540955
1004	611387
823	629691
745	473178
965	635819
1219	771740
1050	426598
1005	659823
1144	1014430
1043	492340
961	625630
963	597381
1217	710009
909	703575
1020	459567
879	679418
1235	1009777
945	550591
1150	726639
864	611353
1078	818049
1148	619204
1013	756146
1050	738916
1012	745227
1053	637286
1230	706025
874	807808
914	469432
1068	794774
1115	761238
1082	697110
1052	650535
1184	661516
883	552000
963	623625
1175	808397
900	515326
873	432407
1061	774114
1044	863584
1066	783034
1064	686180
944	629793
903	589105
946	576934
912	494642
945	818551
820	552252
834	587974
958	695064
964	769381
1037	851930
879	430127
917	792826
1258	859870
915	471719
1003	610215
1197	962450
829	558866
1177	581510
1103	534908
1114	627213
1059	585872
904	526321
871	444756
1133	743205
949	754028
762	468257
843	411940
1027	434546
784	405202
1027	626066
953	506563
1102	866296
840	470241
1161	756831
1076	744733
1129	661904
1031	507207
972	709071
876	395868
867	390822
942	710084
937	737701
970	474307
1180	834413
863	416345
851	591069
1140	806402
953	540619
1161	683409
1063	552523
1072	610949
995	702480
1030	610040
1008	670814
1054	840147
1052	565704
1186	1043493
807	479816
871	426628
1021	689052
1204	705291
845	728764
1249	934913
1084	651503
887	507850
1123	622379
883	774077
1174	592732
918	392565
1094	818149
1243	883638
856	431292
1018	460365
1061	874319
910	761245
1072	667508
982	690988
1038	750091
888	593482
1197	867951
1022	512078
1057	886604
846	244901
1022	587114
1010	489344
759	621935
1075	751130
893	535765
1082	742662
769	474277
1020	550142
977	307674
971	500368
916	419019
893	363204
1104	508259
942	843730
848	379680
1157	325308
961	494591
890	514570
759	350847
976	771430
989	686418
1091	763079
924	494436
1043	556595
761	558318
1031	534414
1147	641034
1275	625082
898	550584
821	758995
859	582056
1013	370182
1135	996195
939	483188
866	595662
1187	533084
856	524183
830	499590
1051	772201
1068	622624
1091	494626
962	506615
1013	600300
1005	572736
1367	885965
1059	717583
1072	491954
1290	479069
910	471564
1018	473324
950	596789
1026	666156
1059	873659
764	351800
1152	937831
948	554528
1080	663077
791	474514
1401	1038940
1215	956242
986	672589
1184	784287
1136	621394
854	476014
1103	564786
814	548139
623	488346
973	744223
1099	432105
952	412450
1015	498644
921	532621
958	381180
849	530292
1214	623745
833	359983
1011	774445
1008	642073
973	746055
1074	811540
941	738173
885	590844
899	425129
915	687369
1188	747397
762	292982
1015	708179
800	383312
1117	767862
1079	584516
1365	974807
1202	842080
944	470036
1060	617585
1088	793436
819	494633
1035	861990
1076	805217
1115	822837
1034	531384
932	675129
1190	777692
953	533126
999	758913
1166	742327
1022	697731
657	407204
954	353356
989	535537
1107	661002
1015	693208
1138	686835
1116	1058090
1084	565613
949	498233
1217	975312
1041	562374
994	649566
1025	578598
1103	467370
1279	808154
945	769933
869	512892
1036	724422
806	499679
1058	612148
896	691917
873	410701
1145	522121
1193	760597
853	511560
1040	630884
984	622020
772	393037
805	259215
838	462860
1010	447218
916	534785
995	635960
991	569992
880	551449
855	457256
1072	578216
857	407519
840	627950
1164	894408
863	626065
1171	799835
984	718707
995	675718
1325	879153
1077	894986
935	725219
938	750508
1034	749846
741	474544
984	797738
1001	834531
1204	598126
1155	637732
1156	906379
936	691756
1234	827132
965	636955
997	785127
1082	530820
973	634116
1056	649081
894	570423
1264	683022
833	352658
932	454150
975	479011
1145	446746
824	476916
1215	865188
1011	800622
1145	835670
820	598135
929	704186
1050	492594
1067	771553
1108	901344
941	480848
1155	649918
871	626681
1099	465665
1260	862964
1173	962628
812	398271
983	614437
750	381840
922	733387
1135	937572
915	285874
910	378068
878	622608
956	740039
973	748434
804	575578
894	536212
1005	769272
993	661656
860	366146
1054	801322
1159	684504
746	535593
831	644745
1100	754558
1026	714164
942	697246
1039	649563
1054	898826
858	788283
1112	834119
925	606328
899	461591
953	477609
975	828135
1133	609528
867	621826
821	349755
1100	759821
1041	729722
900	619657
1103	595906
939	613112
1186	845849
986	753491
1112	746360
1235	791112
829	443483
929	597602
968	664076
1024	565641
904	547202
1028	348301
891	538066
1073	622447
946	659335
806	486645
984	646434
932	797553
1025	927361
1230	746244
1005	476382
988	645020
907	587504
1183	562545
864	371086
910	439543
1314	796998
829	560874
915	568905
909	659465
982	409008
1218	812844
1200	657883
917	834146
995	782194
1008	815661
1152	699738
987	523178
865	507036
845	503416
918	647964
914	737701
774	523213
916	625362
1161	905835
952	519343
881	277432
1218	740353
931	437773
1093	556616
900	753795
958	440750
938	597219
745	417652
890	721351
1073	615336
955	670221
770	652559
988	682763
771	517252
873	707235
1002	473460
1003	598313
1078	586824
1142	600499
1378	1094209
1077	926231
790	532031
1072	597382
1077	549162
798	643393
946	542686
1181	791141
1110	575625
1024	477030
1107	892369
1116	787344
713	412408
1107	887664
1123	752936
855	518504
934	487196
1073	700515
843	463265
1055	788625
1086	711980
993	575172
1212	634833
969	444027
1086	734039
998	627287
1276	1024934
1020	687521
1052	777734
883	691118
1043	432470
1030	934432
1010	645177
868	715305
964	578139
1095	458116
1042	639534
942	520613
937	541119
898	513732
891	530342
1095	710462
956	861746
1088	665215
855	540151
883	489817
1027	450105
989	583760
1016	366224
912	517737
1100	994143
1042	611521
1044	347436
1077	668238
990	626403
926	605781
789	495323
864	587115
928	648942
1058	879710
817	447551
995	450658
1060	592864
659	463407
1009	548733
1250	519292
931	413494
961	840771
1157	848673
1004	558204
860	764152
991	662240
1099	572308
1005	682877
1123	668328
1095	722295
934	569945
709	399557
1029	678919
1163	497005
892	572533
838	556928
947	572996
971	549993
733	502086
1091	640213
1022	753013
1043	654739
1117	617380
971	761532
1127	632352
1046	654123
837	470335
851	449937
1030	642202
935	897508
1055	411442
1054	722563
1048	555178
1054	745982
1042	865489
910	443819
942	674254
1109	712741
1021	644825
1022	576873
716	576367
1066	719079
836	524286
911	486539
1285	1049406
1015	654436
1141	883446
1016	472913
897	649753
1053	768170
898	345250
853	470589
1330	689988
859	449670
942	347595
1110	685449
824	463390
939	347250
1028	649805
1210	815324
873	526399
730	449548
1287	455559
842	517225
1020	734506
927	687577
995	669436
807	404370
1026	569471
1002	525150
755	474130
668	504218
1109	590694
1141	593059
1241	678281
1140	942376
968	564193
840	480688
1002	660609
1061	779671
1105	701865
1128	680329
957	482362
952	442380
989	802430
970	711306
1213	637571
900	706239
1126	653310
875	631522
1083	944946
981	590689
1203	692101
1059	633343
1053	636900
977	754967
859	660421
1095	700704
641	483336
1165	650623
977	743621
766	422550
1103	434761
1008	547208
1149	841851
1139	1064471
921	518156
1030	607292
1079	613107
913	375256
1058	683083
806	433972
965	588019
985	521569
1163	759697
1085	734287
1199	753129
1096	956088
1221	731157
976	632223
1175	603797
1055	856546
1068	756935
920	432456
1176	618870
1196	563555
1085	674976
1017	565683
1322	776357
1061	802471
1015	719848
818	578649
862	519298
1096	597245
838	651216
989	685937
1098	834756
1079	759242
757	432049
1039	731206
1053	779789
993	638063
1268	798096
973	708840
1014	708223
1009	578133
1223	643714
1110	604689
1026	349500
946	537862
935	558549
818	487067
1179	523871
1084	653180
1012	666305
927	448126
1102	748438
1091	779186
1041	666142
1102	523846
830	435994
1163	509105
1084	877490
925	668092
894	598781
1336	636049
1239	534443
995	466743
1175	685058
1037	386799
1102	772566
1025	715405
1011	592039
1158	752744
1120	860142
1090	619242
784	475883
895	399679
1095	575675
1073	748864
1176	603606
990	493161
1241	694552
969	632543
905	699411
846	629304
745	476024
1040	557834
1057	530366
989	808573
884	485577
1078	665556
1139	636904
897	487125
884	554611
1090	926856
928	588346
901	547719
1264	1046125
931	720181
985	601192
1018	530848
1041	764315
892	498028
985	571269
1008	649036
939	726275
722	599285
962	599471
789	326132
1112	851559
842	715697
1064	445165
1002	471762
846	459792
894	412211
1189	1080900
1112	712601
696	388364
1134	656115
662	412950
895	514861
1259	1006392
892	590375
958	530648
1190	846931
1018	618147
1096	566162
748	536544
976	606130
994	396965
1253	983106
1079	787618
865	661837
1047	657763
908	492612
1166	934627
918	420631
803	491246
760	585281
1306	796933
933	433013
923	406384
1200	778165
1079	735868
925	587110
1069	723652
758	404886
770	389982
991	638725
1025	622805
786	770235
1112	594071
892	659667
875	560687
984	829717
1088	765766
1187	985610
1130	822783
990	669515
1001	617002
1196	907890
1156	781704
1047	458286
1038	598280
991	535713
825	616047
993	580912
1156	523028
993	596482
1029	401808
1055	758866
1203	584442
1155	610368
1105	716813
937	658469
1248	498090
791	617231
887	651802
1074	768048
774	628585
939	359329
927	577921
1004	849264
1024	885602
1150	829169
788	496508
1019	834867
910	515972
874	753476
848	505272
1015	434863
1115	760404
1051	887443
931	574919
853	421649
1018	621060
1237	747351
870	397224
1092	498995
1056	880241
864	567704
1047	595559
1087	748814
797	472472
978	565260
910	606328
1059	566701
839	639299
1021	833813
1041	645462
789	310304
1141	730559
1251	879536
859	661626
890	595988
1003	643442
1018	696588
941	385125
1084	628728
1234	640195
1029	740732
1107	684084
988	548291
1002	579946
1064	465822
917	325176
1172	759770
917	794295
1032	634648
886	599062
925	590296
817	690966
1096	750762
950	537426
832	515428
761	548455
1100	851122
984	517591
872	581294
1070	473424
1009	565875
925	542721
1044	669455
1061	588078
1132	601481
1192	975774
848	509176
1071	288252
895	548770
1025	757698
1127	664266
1031	735823
927	544291
1108	922342
1116	693917
1038	394468
913	676707
1102	808648
1082	543103
1050	523608
918	818887
1045	647854
897	571657
906	592590
1258	742089
805	617710
803	463107
984	627547
1058	626317
1032	476259
1265	748604
1139	740573
1001	731793
881	531847
1087	687560
967	654546
1027	563322
1325	913452
687	454391
1036	893619
884	529257
1176	539994
891	688268
1065	591580
786	346582
1345	546825
949	440760
1237	792159
761	245826
1137	573315
1064	582136
1095	527582
1056	889949
835	548686
1079	656123
1038	598046
750	367502
1128	757677
1032	431038
1125	771930
929	492750
1069	644827
880	695187
876	432456
1125	662753
1212	623432
858	718021
760	475985
1168	985835
1073	598410
940	534831
810	296294
1062	813645
964	520922
1071	522051
975	344044
1289	565105
1095	802659
979	514328
1086	820410
1161	496334
1079	614667
1141	791032
945	528141
1116	632866
1008	626850
1165	690054
1020	289639
1086	720102
1115	737262
1008	715448
1109	625040
951	594534
1270	610586
932	461468
936	524312
937	499340
823	453069
939	709191
1259	778644
887	427069
1079	607336
1213	705617
1243	821570
1005	476503
1105	746465
1069	709865
932	717361
823	541756
919	758503
927	558027
1043	578131
1193	974505
905	299917
934	594869
929	352147
1039	559652
849	636614
814	694141
906	550101
1163	891572
950	429224
1141	700879
710	373700
1073	629960
707	402424
1015	555924
1191	633166
852	423123
995	593579
1129	589437
793	365415
789	427828
1098	400933
742	485028
892	567468
904	596460
1204	827215
947	471044
1058	809254
1122	753621
948	688762
1164	648186
1063	863524
1069	763529
1002	737320
707	457167
981	678048
1010	694028
883	640366
1328	590433
1015	683166
1054	539855
1057	622830
1124	798817
820	376093
887	703546
1117	524029
905	503090
1039	859554
732	376395
1254	965490
836	555589
1203	431488
1202	946896
1119	560543
1080	1021317
803	513780
1058	604314
890	763590
882	674026
865	514193
1132	608257
831	633322
780	708082
1087	722639
1118	525493
1058	585343
1030	707765
877	633990
1065	702264
1087	677641
1118	673033
972	568924
1101	933792
1111	489861
971	445376
1135	768681
828	479332
1238	859815
1005	625972
1318	896593
977	738902
1004	635583
736	320098
1016	582504
967	630175
1137	715570
1056	571357
951	420766
965	578030
849	333897
1461	587291
1076	553955
843	595614
1068	737825
770	384351
1055	441654
1063	537420
935	652888
1084	706874
635	390497
818	581424
817	359748
966	580867
924	355343
1028	637800
936	537564
990	598412
752	577218
792	520330
1181	762640
1111	585671
794	512982
946	421167
986	595962
843	472920
1162	881904
961	711762
960	267881
1174	862471
1294	929418
711	532386
768	412289
958	644739
1072	668522
795	421398
1032	515352
860	622045
881	561415
985	648460
874	505267
1006	650722
1170	949384
1167	634063
882	365779
1081	394711
1129	584297
1175	590460
977	582928
696	424582
1162	863823
1150	839053
1003	812929
965	516664
967	800326
1107	653772
1132	920592
937	593878
902	690820
1058	504579
887	404247
1131	687462
904	712098
1021	427558
987	668047
905	754745
951	686870
905	766220
809	420549
861	561066
842	407769
934	493991
947	635618
1004	895133
936	559878
973	721050
868	345003
767	370932
914	537442
840	544144
1142	822059
793	544480
819	517114
1185	518396
1131	929712
991	690184
1170	965503
972	511639
900	651495
1057	544922
864	810249
1247	623419
751	211934
792	589517
956	672122
952	486494
835	604378
1179	601647
935	583816
1028	623296
1111	682729
1133	725167
1022	566819
1267	853949
1083	617782
1002	631598
856	646053
1241	700965
698	409030
1025	428097
871	596854
854	418767
1248	814587
910	474115
1036	737365
1084	693044
1047	544073
1315	1048656
1077	573593
935	635748
1046	611949
1063	800579
1108	842699
1087	818131
1125	559018
734	498911
933	253790
852	551701
925	707923
1059	490077
1338	580375
883	461850
869	619812
935	763387
892	662121
958	692240
1183	833024
944	645118
1246	1013194
1062	747641
1097	619317
1083	768081
945	714201
1104	731375
997	517048
834	565693
961	737740
1152	299721
736	548478
974	636020
973	705155
950	581550
1017	529624
1005	998458
972	570655
781	535749
972	437968
926	665108
882	601082
1215	688884
1141	1009149
901	488387
1105	803847
1010	775392
1081	771144
1044	823273
955	693915
894	435184
1039	756542
968	674404
863	620633
968	699807
1085	633026
1124	824699
802	524355
864	603171
986	904299
919	474827
1064	422086
976	572198
1042	722303
988	723499
978	350071
1045	560868
933	720003
1122	525393
1141	872793
1235	951318
1116	744659
1230	858105
1083	812356
897	496793
905	634086
1016	744910
929	680262
728	497081
1050	467634
864	594402
983	785944
948	773787
1135	682793
975	751242
1013	723224
1084	523941
919	501513
914	530806
832	575449
1091	888122
1061	461897
873	552873
1105	592034
985	471294
819	529656
955	629516
1055	831744
1297	871106
1075	611774
1151	711350
1086	619863
1140	646863
989	864276
817	552639
1047	691894
1038	396128
1300	804503
1012	303905
1112	889046
1083	758550
826	434639
892	550140
993	602990
974	635652
1163	718979
914	608260
1123	616191
855	641966
1123	701550
1059	801662
795	623198
992	732202
935	423065
1316	875748
1053	626845
850	620449
1043	499110
1252	743264
1199	835320
1007	443211
838	722099
974	718522
1021	806381
1114	1016288
1032	735444
897	458999
891	561204
959	923026
1017	590900
1105	711715
822	627564
1304	680273
868	414876
941	495351
1170	922223
852	513063
886	632240
1017	684524
1160	775428
932	580995
889	515601
1009	728745
665	487783
958	518006
833	365451
1081	690357
1121	802844
890	432089
1097	589475
1056	618321
902	483483
896	409202
863	573706
843	726451
956	351167
842	605965
841	441694
1012	605252
862	675009
610	420302
946	605752
1183	1020622
1003	646462
1112	555692
1037	411675
1137	684956
1174	510900
899	622156
921	626548
1021	535796
886	587340
1186	768606
852	554750
1059	827819
893	742657
981	876446
1176	728892
956	292119
1269	907665
1098	902742
1159	725278
1216	796570
830	471626
709	448733
1159	683200
873	366917
999	724210
911	423766
961	524829
982	283934
950	574251
995	607582
1072	907417
1013	609159
1137	848109
1052	541476
1257	625989
885	520824
925	626838
942	414106
967	557517
1090	619887
1060	707933
937	567719
1037	657568
927	620041
907	608431
1269	984891
1075	585329
1082	790095
1030	570432
822	585942
1017	394151
886	566799
787	459967
970	799847
1198	865732
977	689531
990	492446
867	465769
832	532135
1174	914532
831	356020
933	612094
1047	829859
1008	584898
882	585596
687	513704
846	465001
858	458343
1117	793329
914	590046
1210	844652
773	373278
831	692752
1219	1039464
1217	1030300
974	755905
826	524482
731	463837
857	398532
924	378550
846	453133
771	271948
1069	711303
943	613422
1098	865638
1193	838030
1115	833386
1052	601524
856	662647
716	386466
1073	606987
1044	525272
1107	787350
903	528452
841	396733
1047	500299
882	363357
937	508878
1153	764288
821	444168
940	433473
1138	767837
1172	566390
771	365195
951	469311
918	485441
896	506623
878	695437
1002	429386
1110	878908
932	468605
1035	768221
881	446213
942	396607
1011	530158
885	650260
834	722275
839	521915
861	697458
1002	472952
915	465294
954	481591
921	553553
866	570166
1177	942572
1010	719526
916	441849
993	571669
1075	732429
924	494521
968	385071
999	643846
1058	597409
958	571855
972	601130
1193	793475
883	626567
956	678924
913	611698
976	652038
999	434691
1135	553000
1033	533785
1046	517516
991	599636
1013	827514
1117	626983
852	661298
1226	664872
831	498114
970	528241
1193	769471
985	790905
1040	689523
980	815898
988	499566
1068	659175
888	435059
878	507008
1016	531123
803	480463
1052	608482
1212	632543
903	499728
1016	387067
1001	586227
967	627093
851	216749
1000	764235
1021	926417
1069	769797
790	342117
989	491401
957	539254
803	665933
1232	788954
939	489330
979	522756
1047	489112
1067	692946
1055	664543
1210	962309
961	546568
974	666331
1047	471491
932	552346
1007	670155
977	753072
985	646356
1148	693606
950	752796
1088	661769
1236	652966
876	326172
1002	504646
807	365693
1048	518863
998	482178
906	419575
986	764748
904	571886
1177	678984
924	720843
874	610495
1117	824818
1302	682361
1084	423957
815	616326
1129	599514
1034	453727
1089	604721
1199	877364
865	708162
811	557158
878	376435
1160	575195
1060	802145
1154	508879
1118	657458
1294	679938
1034	795038
874	407493
1043	768838
793	481527
1289	647300
1004	480393
852	667084
897	683233
1073	777941
1024	660038
835	479189
992	702882
1156	582787
913	387760
859	512531
1266	768469
993	513549
814	566092
905	552917
1293	790742
994	387261
824	527649
1081	687165
1057	732016
877	543561
911	446101
944	626394
1136	790467
1195	926317
1119	628712
1077	944778
870	426293
818	452027
1014	401630
938	704939
927	622538
1043	608473
786	550636
993	642410
1048	624387
892	694642
992	517960
814	566346
1143	830793
896	579204
994	575372
1067	547273
960	690127
1011	849227
850	722837
812	249932
951	443722
1212	702854
1044	452520
1056	795553
912	577008
902	758421
1151	560939
904	533098
1003	605537
1057	656153
786	422239
1126	522828
995	616406
1025	798427
972	757173
867	595135
951	599829
961	634802
1010	821932
793	590696
1165	533051
975	746866
1128	595797
1094	372682
907	471419
1155	876851
1183	510697
1065	722884
886	474721
988	651699
1382	407242
1104	717274
1022	690649
1196	865468
969	602418
977	330033
1093	564107
1099	689894
835	422207
926	438280
976	615462
1041	673667
1312	557338
1016	588870
951	546885
1096	714749
799	450364
1094	817454
1090	497183
1303	878706
826	532508
1067	641680
1028	605042
896	537396
922	665002
1084	465785
1070	703506
864	682860
900	661913
1135	914342
865	440700
693	545826
1029	356508
1026	395450
740	294919
1027	714188
1062	633841
836	547226
816	497124
877	608073
730	622352
1342	567462
1063	595812
998	515074
805	628491
1086	805935
921	544330
1154	456976
1081	660628
1164	613194
1082	860347
1067	573581
857	605428
1182	584639
1030	615718
859	644285
987	465787
1083	905747
857	705934
883	289666
912	454548
953	521370
1041	735136
1225	659754
825	503205
1024	577625
1086	474792
1082	779530
899	529410
1110	810607
845	548421
1081	664334
1008	819078
1052	920529
897	538818
946	518102
1036	554509
879	410344
759	587643
922	527557
787	434819
1135	494231
1036	413588
1130	767040
1134	662875
819	422758
1081	742058
991	569032
1210	392813
896	466972
1058	716501
937	679505
1008	507594
1020	786144
737	464036
942	395887
920	625895
829	565622
1075	941545
1112	626611
1058	704971
1063	879222
944	751029
1150	714978
1122	757330
855	579777
824	485001
866	603182
894	570348
765	546014
973	626155
1019	567362
1320	699257
1141	806548
854	365541
945	636912
1022	639771
915	491571
886	513814
1205	443790
895	629977
1020	643203
876	495800
796	295359
696	332125
1172	806677
983	652099
834	444009
1123	559343
1085	779590
875	418567
913	573381
774	346698
1188	657202
1085	603391
884	442487
1143	504113
1060	652991
1042	646715
1140	806918
1131	898830
784	239924
1068	754905
891	442962
999	627052
1219	457817
867	532771
1219	1039804
939	322233
1003	446574
1108	913704
750	348859
934	526162
858	643587
815	601831
1172	580291
1056	844916
876	343614
698	306134
1124	560144
906	685991
1201	789413
1157	593597
879	402654
1084	529380
1082	630142
1059	797538
1292	770723
934	719138
928	550681
839	547662
1121	469637
897	603842
957	676505
946	769351
1079	749523
993	813970
959	691548
955	659815
1145	663583
1199	582975
871	342938
1078	953586
1092	728869
906	418223
824	733539
1307	920144
1226	887052
955	498613
1158	817143
924	600876
911	547741
852	678285
1155	801630
871	253529
820	629964
979	704531
981	531195
1006	564695
1002	546133
1182	718533
1006	464794
899	335991
882	491632
949	584608
998	592734
1069	485337
710	479938
1015	863239
1035	709236
933	719284
1181	718339
1183	836873
934	474276
1022	648874
1037	648023
1217	382750
886	554202
1078	598565
1084	654096
939	594697
827	324419
1087	834314
805	564020
1247	705176
1088	655145
967	518971
1069	681495
934	640943
834	490695
1195	874169
963	607824
956	678905
914	482239
1077	983947
1035	775298
977	470486
896	692123
916	622642
1086	805729
830	614995
1170	433360
1177	687415
901	424152
1202	641867
1033	711299
965	499285
1209	778927
955	880670
1399	927328
939	574622
934	725378
1022	556738
934	580919
1141	561840
882	593649
1006	528844
1010	732653
1114	528324
1194	942026
1099	641512
1334	842904
788	652861
922	619892
1056	742036
799	558839
925	656511
890	590395
1070	829465
968	574866
959	727613
995	600829
973	721529
880	434273
908	723648
1048	944702
952	856699
851	549480
1074	701884
1063	730730
1141	601491
878	372853
1133	694149
878	445906
1071	486930
801	503520
807	611236
962	558702
815	438130
1016	730940
1229	767691
797	437930
1174	813045
875	425690
1135	765312
1123	641012
1097	712391
902	671006
875	347796
876	645648
1187	658830
837	382961
800	545508
1064	626333
883	647215
894	666259
1003	637496
1134	884207
1178	602052
906	564868
985	642908
918	379390
1034	822588
1078	805231
1297	862316
1017	730089
1026	593152
1129	914375
946	803125
891	619844
1264	611553
1118	785939
706	326993
967	477112
1022	576252
1099	907177
1094	718533
1097	863063
853	398558
1046	703742
868	488555
995	454673
950	476256
1133	855528
1077	752843
1162	587193
1121	613581
877	648411
1003	671348
852	415330
954	457960
875	428498
995	578454
1089	431312
1094	650182
981	400896
1219	734784
678	417949
1308	1099185
1055	439466
1149	666184
918	602997
1134	682717
1039	903657
927	398935
1021	600882
1046	707121
1024	545754
951	645158
1025	615174
929	705888
1345	857298
933	470237
923	639208
1273	743035
897	438603
1058	699660
937	371032
1161	806828
966	487265
889	547918
973	642430
1007	557201
860	331724
909	543153
967	367621
1137	726744
1186	813152
984	753512
1195	651434
1179	816983
1102	822499
1073	299568
1067	766229
1185	736695
1009	476181
980	721751
1075	643383
1059	479693
1112	710850
722	396217
1202	826869
1106	808970
957	538968
983	386120
991	780329
982	749535
1136	576253
1094	683580
969	361263
886	599278
962	708430
1202	676620
822	631926
943	558668
951	678229
808	533247
1148	819574
1005	606153
967	632182
1173	672730
927	456637
1175	873927
954	529145
1231	540646
804	675615
968	524309
1219	782862
947	638614
1042	546585
1040	816885
777	565582
944	453524
890	513727
855	498356
812	499126
1168	711978
1050	828984
953	644360
914	463984
941	491856
1244	725760
937	685494
963	588224
1028	527638
952	516432
997	703149
1143	704718
1101	635701
946	547844
1191	899914
1081	725965
986	711173
1017	421436
991	593679
1178	814910
1012	455805
917	822943
993	618289
968	670681
1111	674730
1067	757517
1092	706861
1104	702320
1122	625556
1008	415192
811	608367
867	675890
904	736335
1052	506941
1040	787048
1128	551014
1009	746174
1071	621572
1192	548182
995	656285
827	566996
812	548034
924	538186
1018	700352
1134	777273
909	681085
1108	825626
1036	590058
992	372427
1165	704272
916	707086
1029	843155
1005	552238
969	522074
926	619555
1010	393414
1095	686427
883	511283
1109	752365
704	259016
959	766268
1128	737959
951	505811
815	644314
913	477419
1153	850939
815	387831
908	513167
873	649293
694	363517
1006	742298
1132	721648
960	614614
978	537262
1113	403793
963	599833
1227	778568
985	557201
1056	519506
1023	754873
948	874822
828	495307
1158	720932
1126	483573
782	648863
1056	1000715
1128	876553
1059	789121
909	594350
1007	575490
1192	600415
899	569715
1125	611729
972	572088
755	499875
1258	642871
970	852072
1122	575323
1026	468523
1144	714582
1121	998001
1042	758189
988	698784
1117	723234
837	449079
1008	850204
1160	577814
843	548724
1001	663180
1120	741828
800	655110
1118	672242
857	476484
990	421848
730	416629
1153	690304
1040	557642
1088	651997
869	656494
1120	617183
1049	515157
1114	718020
1052	887463
670	587169
1125	777260
1076	711428
796	609889
946	691393
1059	605637
994	520692
805	488903
943	413018
1038	579859
1123	500957
895	526263
926	506781
1374	980068
1083	586849
1018	842003
1157	439546
1026	744422
952	731373
999	768567
1218	902220
999	488066
979	605632
1093	729089
968	667750
1050	710610
671	401469
907	495337
906	568102
1249	719087
1023	745693
955	633513
1047	585754
1013	375270
870	413192
904	383268
904	706371
893	425528
1030	724566
790	396970
1071	744481
1234	808392
1012	579210
918	634253
1086	743630
1022	499111
718	420428
1096	639956
850	375278
870	434817
773	495521
1232	802896
812	568625
978	496645
977	602712
992	374344
1116	872767
973	496184
1034	866858
886	278802
831	421431
776	573290
1107	793763
934	552636
1007	725065
831	543079
828	342752
1151	670344
792	334375
1000	466018
922	500644
722	456788
1005	452220
983	605950
1188	814803
682	432994
1052	930944
964	560546
965	613295
1090	788918
1048	478414
1084	872259
1012	479740
941	486351
1156	715605
841	447949
918	558805
1258	972888
1005	460612
1063	520692
1223	691887
1221	642502
853	345506
935	415991
968	588658
1072	647042
1163	690811
1151	636960
1088	621890
997	423170
1141	537969
1086	633902
967	415049
1109	808571
749	467525
1111	510167
1034	859922
1150	660832
1393	1109790
1029	615656
1098	667825
884	896809
993	789644
762	422849
659	440145
846	481102
928	551229
779	589604
1067	606882
1101	762226
940	662781
917	635081
1178	696114
811	343255
854	331920
1040	425520
1062	691437
1207	946048
988	477663
1019	666074
1104	609348
946	541202
966	543196
864	414498
848	353040
792	509117
1049	600459
881	485741
984	719962
836	353098
1182	666397
927	408315
906	607607
895	513440
1051	610119
1059	631473
1121	805729
965	650827
1085	743363
999	649650
785	464915
836	272893
706	630865
773	530230
1044	746862
1054	528862
1078	717160
1068	626745
1020	428391
821	485456
1112	591578
1097	718706
1065	586103
890	443291
977	702485
1085	917055
1074	528688
907	540369
1138	604698
999	618634
1036	823844
965	483995
1028	575767
956	511338
1081	699106
1288	1113544
997	610881
1052	747363
1005	872629
847	501318
552	423246
995	462711
815	557614
1033	841954
945	866788
893	516050
985	487591
903	637750
788	414131
956	477518
841	653120
1062	789121
1098	587286
914	562136
1148	1014244
1195	602166
1024	743727
791	360073
1003	572514
1064	889487
1315	754337
964	529615
973	501878
1127	757096
915	370210
1110	887186
1161	1100245
910	683852
1040	774768
992	714512
1158	768607
1055	760198
871	415348
911	465962
929	623583
1147	751711
915	473813
955	637312
1002	751391
1170	728078
1160	772530
1122	924209
984	622842
1027	712852
857	740811
990	699883
1033	666658
997	558518
870	756703
1119	910183
848	525643
1127	837839
980	749181
1093	809701
1045	727495
1006	607901
1168	861524
965	638891
972	587207
1064	698504
992	595279
1037	414232
1093	604474
913	529047
883	567531
963	706692
1220	887830
1010	664983
1128	331081
1089	894533
1260	913671
1096	715277
1051	709682
1082	465952
1030	742007
989	627225
925	632452
942	521479
828	656314
932	863088
920	707288
1176	805233
1028	608354
798	591916
1128	843376
821	556679
883	643224
877	614275
856	458289
904	662185
1186	765538
922	588496
1093	725859
1009	562445
848	531180
1156	641924
839	644089
1157	972080
1145	648335
847	510241
1336	1109561
885	702059
1034	627496
969	552246
832	463763
859	420052
980	725728
1020	641326
839	495385
1124	959917
1124	859816
1115	828317
1122	734260
895	488234
893	678559
903	360549
1075	680216
960	615564
1037	563646
936	541529
1310	689796
1254	597350
1066	742992
938	687211
984	367419
1043	835481
854	344286
941	532272
960	503131
1240	683495
995	924857
1221	708496
894	498059
1480	797326
913	299925
896	458591
1112	650736
1235	1077393
1204	850582
1360	1254139
1037	657054
1224	690752
953	333326
964	846318
940	677567
829	482714
1254	788296
823	388378
892	443227
883	604209
1008	1006906
976	727014
953	418076
1085	881500
829	713314
966	484518
980	523624
750	485327
1120	658776
1073	745392
683	477492
858	478819
942	558461
1181	661305
801	574333
979	682410
1083	762372
994	705747
1149	750646
989	673264
879	671947
981	711640
1047	657399
1208	866179
990	451831
880	563809
1123	716401
871	484835
1102	896968
1148	571953
1083	640015
1028	761119
977	745113
1088	439359
1303	899473
1158	861135
819	474496
1000	673045
1191	618808
1105	628798
1128	550716
834	506872
1165	571229
1087	619408
832	588680
919	640067
1366	958849
953	310160
1022	627933
978	365228
1009	560272
823	584009
1266	708704
945	512612
975	705524
767	507687
961	599228
1259	814174
863	394052
845	444150
1065	659552
1010	646032
1194	976827
1034	940073
1140	610956
1019	337487
827	634012
957	687958
974	338078
941	429719
1206	779544
899	620363
829	605943
1044	642432
1040	437274
843	328361
907	448763
1074	757246
849	609035
740	342335
800	561685
1020	700799
862	300785
874	470131
879	644810
1010	719725
1013	664690
1147	818526
1020	609859
954	660495
989	831389
1023	679387
1378	765165
885	583780
996	886659
970	864042
893	371245
867	576978
1069	593597
993	908422
983	614344
932	577176
770	415587
973	753085
1192	663342
761	435096
1031	645247
932	598536
1012	628399
1198	755248
798	426551
969	353366
1236	895376
1264	737873
1125	425991
872	609612
985	668251
659	268963
853	513301
853	519654
1083	519761
1019	805246
1015	663211
899	608557
816	575171
977	465940
1007	928654
970	476369
1123	704068
931	696262
1159	669750
1211	543147
938	541713
777	441621
897	592629
958	387679
749	346708
1036	849848
1192	853221
1183	807321
1174	596099
1030	697689
1025	466045
930	531106
1082	656884
927	692012
1069	636454
1043	456633
901	538074
1119	455630
1090	776962
1126	650494
1125	654867
1176	554413
966	930276
1069	482163
1025	428053
984	452730
1214	589859
793	465087
1135	778928
838	421493
1072	708849
1059	487303
696	410521
1202	1027282
1435	750660
1124	715108
928	690764
848	394064
1240	712719
742	489450
1238	678167
1018	589446
766	473272
879	332158
1118	644579
1021	826766
1071	698941
1092	787300
1182	760815
1178	663374
928	515528
1150	552434
982	502862
1003	533073
887	770436
996	744736
1020	473830
924	654811
834	546180
1070	879848
935	529114
1152	846246
979	466405
946	655952
944	429920
1084	719302
866	434512
994	720482
1074	442000
1052	571822
811	540012
1067	450398
903	633933
1242	891953
1184	527866
942	545046
1116	847918
1003	733831
792	492423
1047	463124
894	616513
754	370135
1122	767946
1045	510281
1092	656299
1001	731965
1002	324331
938	314578
1177	568192
914	537156
845	313298
808	448671
1028	651638
1121	666423
1116	920143
871	627064
851	490904
942	531510
855	501918
1206	924389
1187	720166
863	518104
1113	665882
959	610055
869	544275
925	598369
1018	390466
1068	717986
929	601141
944	757403
1229	1087364
1249	783895
1021	767122
954	739275
998	625902
1080	812445
1061	482879
867	538085
868	555012
1120	590216
1001	685293
1203	812437
1014	682759
1173	750377
1156	424385
1046	1050939
1041	648232
879	455400
960	678518
1171	723907
919	792725
1144	761703
904	664709
730	462946
730	566573
913	537432
925	577580
1251	622971
1111	583484
1028	695347
1090	575161
834	693412
1145	665260
1071	554944
1119	484921
1131	456650
1052	794944
878	671787
1032	992302
833	411719
924	569421
1077	729420
1085	765471
1136	496193
845	384104
972	625470
1135	588074
1006	673970
929	604675
1055	487760
953	374342
954	599079
1086	869333
1029	624433
833	438311
1026	555021
1072	671505
897	707360
979	645956
1016	625864
952	503447
1067	568427
1004	571738
1197	647604
933	612427
981	519111
1061	872591
1029	883058
1145	784206
1305	1018526
1239	1007420
1099	702718
1003	554708
1091	646796
672	296089
984	415263
946	429632
766	607437
890	687030
888	739910
803	751344
1064	772408
893	771837
1249	976612
1001	435995
901	695769
1144	872403
1232	687205
1155	813282
821	550682
991	688624
937	496014
946	686004
1026	454148
983	484183
924	592986
1092	687334
1076	557413
1184	737592
1093	753649
868	366581
1033	515851
989	586760
1113	657914
875	719059
983	660600
990	756188
1058	794864
1027	710529
854	487450
857	408907
917	631066
955	511164
974	561101
1065	589375
805	398596
855	351190
925	702873
834	364300
1018	804958
822	439553
905	646792
1087	622244
877	609350
1238	741275
1076	666031
856	771945
1160	733554
772	254031
1227	511043
1106	656883
946	757131
747	454975
1223	905496
1087	534581
947	724621
1327	420811
992	407652
1137	854630
832	614978
1085	746297
1089	885042
1092	665122
887	451538
896	440902
792	438227
789	580814
977	423095
1022	636571
1064	937929
989	802582
737	565131
922	494698
712	378315
1051	481089
818	603957
905	693364
1103	540618
1058	714638
995	519068
914	490064
944	715373
960	846855
854	639603
1051	475792
1191	960801
1091	507824
876	516373
948	890168
1116	516164
1044	506134
1050	421311
1332	787326
1044	866855
1111	463973
765	517150
864	728357
931	500686
1053	656824
1054	656773
818	631796
981	606499
905	654698
1070	634379
1071	599674
895	427658
723	517376
1049	629582
882	394087
912	500040
1148	585691
1060	595534
877	697733
997	449140
762	590634
1194	717045
937	666319
960	732924
743	375251
718	422551
913	544839
926	451130
764	401433
1036	341154
872	609338
1147	735340
964	548817
855	536250
1122	701766
1106	700781
981	486002
962	310210
1056	325362
887	597596
919	649888
873	434213
1079	669274
910	522371
1085	522841
1028	406687
978	554064
990	346780
1038	632142
825	479271
1001	675745
930	613735
1121	590430
1008	628799
816	451831
1113	688050
1050	895698
1029	524046
1014	631594
1092	605450
755	654637
1018	517898
960	491322
736	492955
1006	763956
758	551874
1062	549414
989	670283
818	324583
866	648566
1224	798296
994	495089
1017	651418
1157	538914
931	590626
955	820587
909	552474
949	423973
1066	839336
949	591727
915	612635
1024	810544
941	685964
945	649702
1004	344570
867	414037
1080	631695
1065	961486
1095	829622
945	629057
1057	948030
980	722034
1041	689631
996	802929
950	615814
1349	757016
905	429883
873	375476
1007	596762
1125	775840
1022	375870
1050	714622
1054	775782
1047	747566
1083	798510
869	508657
1059	558990
1036	589852
1142	580197
753	573807
947	495459
1197	929525
902	495310
964	531377
995	848858
836	685902
984	438832
921	542172
978	438636
1170	739262
751	578057
1168	728554
1161	394063
836	371334
1106	823085
1016	381464
1118	523162
1135	715137
908	443226
881	404494
1183	687522
1120	659278
672	393272
862	794313
926	378776
922	416557
1064	569287
1141	806987
857	348980
979	672802
1058	824216
1154	655950
1039	770523
1019	921926
956	594284
946	508916
1062	837465
683	364388
1086	772067
890	409427
888	690409
953	398075
855	569208
1008	630191
926	379102
1080	700421
853	509900
923	415441
886	659946
1082	755158
1020	762548
1017	645735
1035	526857
947	567576
797	398621
956	567577
778	642568
1353	798429
1096	669158
1212	1126650
1229	774014
811	520220
1164	800293
990	398897
927	652347
1081	489043
1003	497261
1318	734571
904	665513
980	507215
914	571386
1256	845440
1060	545416
900	545011
950	579018
977	801178
964	348967
1060	415029
955	551401
688	557078
761	499137
831	577348
1078	606840
1067	664885
1025	656463
980	672309
985	398055
801	480289
772	383042
953	479192
1017	532748
934	429624
1120	575999
1278	551158
1054	543398
1233	706350
1156	711694
1018	731317
919	641626
853	564431
1013	745209
1163	674356
1122	831295
955	647277
901	650360
1018	558238
1190	806005
1091	779240
1106	551923
1101	631302
1185	551519
688	315019
836	385905
976	570069
987	741834
1045	414585
1094	852230
1129	771874
1244	746190
933	717549
1211	648260
899	679114
944	343187
995	517609
766	631214
920	646364
869	475543
955	421561
908	461508
1121	871514
1054	580130
969	822389
1126	680263
943	429069
1083	472230
1063	587779
1111	675287
915	507301
1185	664042
942	691916
1056	737265
638	292721
1003	632737
1065	542186
1018	734951
964	440256
770	479885
1075	522497
820	366294
977	654486
801	441178
929	452286
1029	561318
961	764116
1043	642971
896	544366
859	769906
868	433067
831	675773
910	618007
735	447109
1248	905311
927	407209
1219	666704
858	398381
867	506018
1103	678952
1075	862794
1088	520447
1122	599351
1082	701910
1096	828021
865	666742
1025	737267
948	474418
1102	652252
847	413930
839	589720
1032	696047
1227	737627
777	568831
1024	641370
1088	587116
1070	720625
1077	615622
1024	710373
1031	787198
856	728090
1051	606792
1052	881523
955	477694
909	533346
798	579821
873	506953
1149	818906
1130	648939
1055	749919
1050	628824
1183	834606
942	502631
994	531286
1184	857536
950	812587
1123	694507
1129	366456
1150	593316
996	555969
1006	693934
1087	806166
1044	451327
1080	502768
980	591236
940	566719
981	659294
983	331796
837	553328
1241	868838
937	926248
915	764775
936	526631
887	645921
983	520925
838	428583
1157	602243
899	564054
947	544230
1109	555276
1105	567417
872	421861
816	616049
1182	786642
1189	800592
823	696813
907	612246
894	487118
771	594307
1015	559299
1069	782006
1050	779430
854	577898
928	814333
1226	1005408
1188	738503
986	779703
1055	692035
972	605527
1086	533411
904	452504
1044	731214
965	696897
999	496691
1090	844023
982	640654
986	831771
1001	639010
1052	528464
729	615547
1095	653090
1081	512143
798	402035
1116	738285
1028	831770
931	665712
965	565024
1233	802454
849	375745
1019	852569
883	520851
1187	563467
956	509518
946	500117
667	410120
1079	761458
1058	630599
1022	663786
928	564984
1101	580471
1227	839433
967	397203
1004	608389
1123	658474
1159	804051
1148	430296
1047	516314
1156	786829
950	759678
1028	615634
958	637200
921	482701
831	700408
781	386615
868	506689
922	649980
986	461905
893	440276
776	520365
1208	580137
1060	471377
692	302706
909	593420
996	704773
859	614508
1075	835859
1144	735905
1111	580202
831	442516
1154	667807
803	303624
902	682676
965	675511
874	521112
974	501748
1063	610562
1160	605635
891	641617
1111	978758
1057	640028
1058	748304
1088	754528
1202	613586
812	557541
1076	671986
953	358928
861	550646
998	534658
932	468035
989	647710
719	463319
1028	607971
1193	653496
1076	827469
801	433746
962	316504
1045	584968
1090	649077
1182	874281
966	640582
712	560550
1131	876716
948	432074
1074	716807
878	545368
912	500672
1308	684884
1057	553602
821	472425
878	828092
1165	944454
1218	712980
1105	585312
1072	860453
1054	859846
1271	465125
816	711653
796	483544
961	594179
967	592972
838	400246
1044	641747
959	703725
1123	858578
1161	354260
1120	872483
1124	932479
1193	548648
1030	635206
865	529874
1047	660582
1129	494126
943	723693
1122	682535
1053	618611
808	414575
1022	512540
973	505421
851	662818
1003	723486
1178	797382
905	426021
850	541107
942	560465
1064	566774
756	486037
1312	990713
899	507241
874	714462
989	730370
881	609577
695	362871
1302	924168
1080	672574
766	432636
1018	561785
997	502940
1250	887977
974	842089
1150	624835
868	386116
898	476249
1016	614916
825	385507
1096	770910
1080	582185
811	404693
1057	712264
983	466218
888	431971
814	413910
780	415893
1080	623831
979	745609
1155	552969
987	582915
1165	840340
927	618923
1010	556104
1110	934556
1095	664114
1062	638513
924	597210
1106	657012
985	514951
1085	368210
854	505370
1049	672700
876	433941
983	515944
1252	726576
889	531806
1110	732313
1041	572261
1096	494638
987	649102
836	432148
1101	785286
1263	701325
982	515414
986	728285
759	443317
1096	726651
829	523105
987	862109
1170	358889
999	331666
1138	497391
1272	613421
1023	613639
926	618516
1139	550495
1165	606883
1073	512977
1019	730277
1047	571054
994	772810
940	803070
1042	725175
1221	860837
760	522083
1219	1009150
1138	757726
963	503631
1012	593466
1107	583310
1010	600900
778	716377
1043	611280
943	410604
1085	602552
1062	863200
1036	536710
922	704943
835	548896
1134	708503
1047	581783
920	645045
1188	460236
918	569683
723	394794
1002	753915
806	564538
929	540050
951	577209
925	654994
1281	764741
887	481448
851	271293
1187	492933
781	468537
1255	577131
1213	862078
932	473975
880	597179
1076	600137
1065	634465
1044	695505
1060	753449
989	571638
1001	418866
933	378797
1113	591631
808	401583
1093	660429
834	444782
1181	878431
1156	704617
987	591241
1108	707229
1242	910307
1227	711538
1115	500496
1147	428035
1255	1037312
1032	504190
793	577824
991	589042
979	608890
884	432563
957	798625
1154	765794
871	531847
794	584380
899	434222
935	704559
1132	565159
1120	960898
924	654274
1083	648495
957	494557
950	631671
940	691265
996	529171
874	548557
901	417146
1062	696700
972	729122
977	730309
889	537022
1085	463390
1026	722015
943	632475
1114	742313
853	680130
1432	1006186
835	591905
1013	634064
908	726013
784	301062
1130	763878
1200	437236
663	499915
876	694761
1006	564200
1092	683634
987	694502
893	609333
871	555277
1062	503823
1072	587393
1190	859465
956	584541
1203	582154
863	483279
1218	643174
1143	686156
938	533753
1007	500031
986	687291
1205	939113
971	828559
769	394840
1029	452261
1031	742010
908	353695
894	542536
1001	728604
769	523536
959	587583
991	875603
1034	534686
907	581407
847	359771
1028	541546
1117	804787
1164	861300
911	721009
920	693188
867	402574
835	493659
1066	622931
1036	559951
877	368029
860	558936
922	445030
869	425532
1077	660238
1006	828318
824	470167
906	618825
973	626104
1103	672141
1083	700305
923	421715
1111	476836
907	596635
1141	534174
1067	465863
1121	663799
967	559586
1020	501311
1098	782769
1067	833354
1113	564343
1215	870578
996	495600
1005	601510
1157	613276
880	589993
761	435719
826	511111
846	613627
1063	459386
763	535684
1242	763449
922	614030
1038	760754
1197	1065312
1060	613184
1086	631352
815	478929
908	670909
924	777177
1011	560263
1191	600960
1016	412985
953	551504
1111	423078
978	753738
1051	663614
1119	750504
1184	476791
1129	919537
972	571312
723	548662
966	634531
1102	497628
1118	624127
996	510828
1144	879738
934	531824
765	512141
845	597438
921	502198
1031	486943
1130	599551
1011	747272
881	454327
1161	681673
1069	958023
865	354867
1064	782327
1188	563943
1220	751504
1268	693925
988	474096
1098	680286
868	490050
956	647103
893	427452
834	436729
1146	559802
1151	767030
1136	806734
890	448367
1119	922343
969	670987
1162	755041
901	585851
946	578347
819	666634
896	562158
1194	744553
922	509210
908	459507
809	439773
1056	661590
850	436132
1187	860380
853	550889
1051	534938
868	650688
859	505636
1158	601685
963	509760
889	525964
842	261842
857	415693
1251	706947
1112	717280
882	383896
1349	614212
1222	835458
821	507093
1114	757484
957	519149
1303	623887
1058	647747
745	397267
1042	616175
1163	771475
1121	720917
1130	744920
953	535967
1092	740789
1129	818912
1119	816578
868	297787
855	297307
993	690307
892	651479
956	587858
871	351859
1042	780659
871	691732
1063	457035
1280	955595
942	471615
1112	911085
1095	621094
895	654222
1213	746101
775	370858
1072	700640
1069	625787
849	667912
1065	600874
1300	491019
737	393831
1193	750118
1267	803772
835	696910
1162	1053858
1101	713943
1181	798197
895	464742
1040	389110
1088	479849
832	630614
926	755337
1188	707290
1104	453111
1115	706614
876	387873
1070	628447
722	411481
949	819593
1272	837408
1034	644068
1036	575372
1053	740429
1149	785681
1015	866149
919	761522
851	557668
861	513340
1114	482795
789	505599
1227	591914
886	630049
1007	777883
1073	715806
1086	819227
1117	634168
860	587142
894	631159
783	666281
870	571517
1237	677104
1149	770753
938	550495
1033	651395
920	480700
863	393351
1050	615813
1095	730073
1015	871693
876	661594
1008	594046
1073	764960
1258	800843
1071	984489
1090	840042
1042	339681
945	478965
964	604622
1006	706728
904	587250
764	482547
1034	600309
1117	608051
1103	510311
1326	872829
1147	973178
704	590214
759	545393
857	442655
1212	646904
756	530418
994	636171
949	552014
1190	653765
769	415188
1163	738704
960	744729
947	658474
1069	624125
845	489227
757	424394
1093	580140
709	371279
1096	505305
1230	666692
1192	786157
974	573497
915	456593
1053	668519
967	713340
1231	905554
897	765651
1035	329949
997	655128
959	661264
1107	877242
1119	710720
954	898621
1158	865434
833	547653
1109	632173
1162	659147
1101	501414
1067	770316
996	661205
1037	536289
954	515400
840	463318
1065	755115
702	476349
1103	901420
1049	982187
943	614351
892	471714
1268	999284
1114	851370
943	634311
1218	400557
1058	450487
1036	518810
940	602485
954	596727
1023	465989
746	480079
999	522936
1248	548087
846	628399
867	484155
1054	656061
1030	975004
949	700947
937	621914
1056	621664
1202	651522
936	369257
973	659817
950	552563
1085	638577
949	587209
739	618978
990	623841
905	399170
925	767177
1002	472644
1079	693005
1101	811064
787	505886
1039	498001
1048	769618
953	766750
1142	650694
818	475294
1150	581311
943	734085
1048	687770
911	499790
1225	610129
887	410175
1103	598100
778	334513
943	454956
1289	817110
1119	783559
1095	601949
700	297021
989	642207
1001	401470
1271	684807
709	345468
869	569516
814	527042
1276	905179
1032	540541
686	547340
1144	851534
902	469053
1058	809994
1054	708280
1233	635871
1203	684977
1036	511091
1038	624396
850	687915
990	490205
728	325790
1200	770431
1128	823387
1197	1065250
993	697773
777	518381
1029	605212
1010	643000
813	478253
870	486855
925	486499
985	556229
1035	805254
1126	739660
1058	708304
1090	764302
1225	809422
1196	782922
960	773269
961	469011
1046	732920
1265	818710
984	844354
863	476870
1048	553989
801	439129
1001	743562
882	600083
1028	616619
856	432505
1039	587530
1072	793075
874	440446
1026	340743
1115	706747
1034	570106
1049	561504
976	718008
902	505118
1114	727675
1118	933667
765	663690
1045	590519
1060	463912
1257	1064425
957	394860
1204	663922
1175	741682
1102	760963
1095	779784
766	570393
975	659040
931	476699
1022	771723
1170	686216
998	510416
1082	533304
906	548760
1064	664472
952	608822
1038	728461
1047	539406
1203	858117
878	771320
965	779593
885	619193
1157	603155
1251	716962
1002	731683
839	591948
1139	705795
941	503708
906	617804
813	525700
895	771051
988	645771
847	554133
925	431757
778	500247
808	561638
926	585196
833	707436
890	655290
1044	640830
1024	377899
990	729674
882	441518
1021	763722
761	491810
964	756185
765	416772
981	531288
1054	878899
1138	770274
1016	433355
1082	754771
754	623911
1086	761576
907	636904
1017	805587
802	596215
993	516853
901	451476
1121	692009
1024	658583
973	735110
908	554863
1025	688620
953	533601
934	684037
1257	697346
1152	578883
1126	805532
1268	776532
799	419908
895	631600
949	404528
963	505614
933	580679
1130	587695
1052	683557
1007	796723
1025	637087
1283	820192
806	490276
1213	674435
877	613788
983	633644
1152	853559
886	717780
809	468739
1345	623880
959	396624
1101	620734
1042	671508
996	694517
1025	331162
1211	1130278
673	446431
