1691441	1699266392
786229	838120114
799699	852479134
784728	836520048
794191	846607606
794956	847423096
269219	286987454
760411	810597102
755431	805289446
743321	792380186
739754	788576740
722900	770611400
726917	774893522
715396	762612136
699045	745180946
685284	730512744
657340	700724440
664102	707932732
643867	686362222
623221	664352562
611382	651733212
604864	644784000
610460	650750360
609765	650009490
606864	646916000
595622	634933052
585085	623700610
574141	612034306
556338	593055284
547249	583366410
544641	580587306
534332	569597912
535571	570918686
539777	575402282
522412	556890168
511235	544975486
500468	533498888
87577	93357082
496960	529759360
497368	530193264
483284	515180744
477420	508929720
472478	503660524
457549	487747234
460272	490648928
462796	493340536
459490	489816340
458951	489241766
456351	486470166
448151	477727942
445180	474560856
441370	470500420
433948	462588568
424367	452375222
418250	445854500
412392	439608848
404975	431702326
411725	438898850
411374	438524684
397447	423678502
391991	417861382
388361	413992826
387849	413447034
376464	401309600
367447	391698502
364763	388836334
370484	394935944
364373	388421618
369257	393627962
366366	390546156
358412	382066168
358248	381891344
355031	378463046
353975	377337350
348737	371753642
347677	370623682
346761	369646202
338181	360499922
340434	362902644
333988	356031208
332621	354573986
332040	353954640
329903	351676598
327019	348601230
320208	341340704
315071	335865686
312573	333202818
313400	334084400
308312	328660592
308958	329348204
307077	327344082
304081	324150346
300729	320577114
297738	317387684
295312	314801568
295993	315528538
292785	312108810
294590	314032940
289910	309044060
290567	309744422
286684	305604120
284482	303257812
285541	304385682
281078	299629148
282675	301331550
277913	296254234
281965	300574690
280450	298959700
278472	296851152
279777	298242282
273803	291872974
265618	283147764
267451	285102766
270024	287845584
267128	284758448
266480	284067680
263362	280743892
259876	277026792
256006	272902396
256072	272971728
254785	271600810
252338	268992308
251405	267996706
250786	267337876
252490	269154340
249424	265885984
245493	261695538
244763	260917358
241571	257513662
243504	259574240
240401	256267466
239656	255473296
240493	256365538
238236	253958552
238907	254674862
237880	253580080
236871	252504486
233550	248963276
230088	245273808
232884	248254344
230054	245237564
227155	242146206
228351	243421142
225360	240233760
224776	239611216
226625	241582250
225568	240455488
220384	234928320
216966	231284732
216443	230728238
215745	229984170
211988	225979208
211660	225628536
209763	223607358
209274	223086084
65045320	69234449182
2	84
271048	288937168
288110	307125260
284436	303208776
279108	297529128
273856	291929472
275180	293341880
274275	292376126
275351	293524166
273706	291769572
268319	286028054
268118	285813788
261245	278487170
261894	279179004
255950	272841676
256318	273233964
260117	277284722
255295	272144470
256152	273058032
256969	273927930
254724	271535784
251735	268349510
251289	267874074
248377	264768858
244086	260194652
204736	218248576
149390	159249740
55152	58792032
248350	264741100
240170	256020196
232634	247987844
236417	252019498
234763	250257358
233328	248726624
248053	264424498
229392	244531872
229089	244207850
229127	244248358
225534	240419244
225610	240500260
225065	239919290
224771	239603838
223651	238411966
221282	235886612
221878	236521948
94781	101035522
219292	233764248
218714	233149124
216188	230456408
215121	229317962
216256	230528896
214377	228524858
212535	226562310
208297	222044602
207718	221426364
205916	219506456
207620	221322920
205549	219114210
203670	217111196
202306	215658196
202390	215747740
201930	215257380
197630	210672556
199898	213090244
198620	211728920
198114	211189524
195345	208237770
194715	207565166
194665	207511866
189737	202259642
190141	202690306
187668	200053064
187502	199877132
187110	199458236
188435	200871710
186399	198700310
187674	200060484
184926	197131116
183306	195403172
183560	195674960
181169	193125130
183810	195941460
182242	194269972
186612	198928392
175547	187132078
177295	188995446
177339	189043374
176726	188389916
175955	187568030
176594	188249204
174608	186131104
174305	185808106
174105	185595930
174286	185788876
171727	183060982
173528	184980848
171488	182806208
169628	180822424
168059	179149870
165231	176136246
168637	179767042
168499	179619934
166142	177107372
167056	178081696
165392	176306848
166622	177618028
165693	176628738
153667	163809022
164300	175143800
160818	171431988
160291	170870206
160156	170725272
159651	170186942
158038	168468508
158367	168819222
158813	169294658
157793	168207338
157837	168253218
156060	166358936
154526	164724716
155610	165880260
154790	165006140
154304	164488064
154741	164953906
151185	161162186
151719	161731430
150068	159972488
150899	160858334
152058	162093828
150609	160549194
148806	158627196
149510	159376636
147682	157427988
148704	158518464
147526	157262716
148777	158596282
148175	157954550
145973	155607218
144288	153809984
144451	153983742
144272	153793952
143450	152917700
142953	152387898
141757	151112962
142710	152128860
141180	150496856
141633	150980778
142895	152326070
139224	148411760
139372	148570552
139887	149119542
139963	149200558
138482	147621812
139109	148289170
138377	147509882
137045	146089970
135501	144444066
137168	146220064
135376	144310816
136570	145583620
136166	145151932
135657	144610362
134644	143530504
134828	143726648
135222	144146652
132846	141613836
126674	135033460
124050	132237300
124795	133030446
125422	133699852
125151	133410966
126098	134420468
126871	135244486
126118	134441788
125710	134006860
124417	132627498
124342	132547548
123276	131412216
121936	129983776
122793	130897338
121489	129507274
122145	130206570
121506	129525396
120980	128963656
120076	128001016
120994	128978580
119891	127803806
119847	127756902
119794	127700404
120417	128364522
118731	126566222
118012	125800792
119298	127171668
118719	126554454
116767	124472598
116378	124058948
117799	125573734
117293	125034338
116511	124199702
114492	122048472
111439	118793974
112204	119609464
112219	119625454
111000	118326000
110271	117547862
110523	117817518
111557	118918738
110678	117982748
109874	117125684
108871	116055462
108538	115701508
110134	117402844
109328	116543648
108270	115415820
108392	115544848
108097	115230378
108839	116022374
107370	114456420
106588	113622808
107064	114129200
106495	113523670
106346	113364836
105642	112614372
105182	112122988
104845	111763746
105435	112393710
104025	110890650
104491	111387406
104805	111722130
103422	110247852
103383	110205254
101701	108413266
103232	110044288
103997	110860802
102921	109713786
101861	108582802
101187	107865342
101487	108185142
102822	109608252
102196	108940936
100878	107534924
100680	107323856
100357	106980562
99882	106474212
99228	105777048
99057	105593738
98848	105371968
98961	105492426
98388	104881608
97095	103503270
97547	103984078
97447	103877478
98439	104935974
97426	103856116
97068	103474488
97834	104291044
96171	102517262
97394	103822004
96897	103291178
95562	101869092
94543	100782838
94502	100738108
93025	99164650
94964	101231624
95214	101498124
94368	100596288
94802	101058932
94017	100221098
93735	99920486
93118	99263788
93182	99332012
93291	99448206
93305	99463130
92790	98914140
92074	98150884
89503	95410198
87650	93433876
88551	94394342
88776	94635216
88019	93828254
89112	94993392
88615	94463590
88429	94265314
86607	92322038
88111	93926326
87113	92862458
87321	93083162
86556	92268696
86861	92593826
85664	91317824
85974	91647260
86762	92488292
85084	90699544
85967	91640822
85457	91097162
85905	91573706
85081	90696346
84907	90510862
84227	89784958
83981	89523746
84757	90350962
83938	89477908
83067	88549422
83570	89085620
82459	87901294
81177	86533658
80826	86159492
80527	85841782
81682	87073012
80868	86205288
81262	86625292
81468	86844888
80017	85298122
77452	82562808
75912	80921168
76285	81319810
75656	80649296
73715	78580190
74231	79130246
73801	78671866
72394	77172004
73358	78198604
72470	77253020
71828	76568648
71716	76448232
71458	76174228
71605	76330930
71399	76111334
71476	76192392
71780	76517480
71137	75832042
71539	76260574
70638	75299084
70566	75222332
70955	75638030
71611	76337326
69666	74262932
68687	73220342
68481	73000746
68705	73239530
68086	72579676
67578	72037124
67496	71950736
66914	71329300
67558	72016828
66405	70786706
65400	69716400
65701	70037266
65710	70046860
65393	69707914
65285	69593810
64751	69024566
66090	70451940
64379	68626990
63868	68082264
64399	68649334
65048	69341168
64674	68942484
63848	68061968
62853	67000274
62256	66364896
62027	66120782
61229	65270114
61685	65755186
62026	66118692
61084	65115544
61233	65274378
61460	65515336
61744	65819104
61455	65511030
60824	64838384
60341	64322482
60561	64558026
60021	63982386
60697	64701978
59917	63870498
59446	63369436
59565	63496290
58789	62669074
59788	63734008
59746	63688212
59637	63573042
58083	61916478
57010	60772660
57873	61691594
56990	60750316
57752	61563632
56907	60662862
57433	61223578
56971	60731086
57014	60776924
57100	60867576
56855	60606406
56859	60611694
55890	59578740
56403	60125598
57066	60832356
56465	60190666
56676	60416616
56711	60453926
56421	60144786
56177	59883658
55552	59218432
55775	59455126
55781	59462546
55579	59247214
55885	59573410
55323	58974318
54613	58217458
55700	59375176
56349	60067010
56044	59742904
55952	59644832
56245	59957170
55257	58903962
55779	59459390
55385	59040410
55286	58934876
55747	59425278
55732	59410312
55018	58649188
54320	57904096
54900	58523400
54522	58120452
54367	57955222
54409	57999994
54851	58470142
54711	58320902
54458	58052228
54826	58444516
53999	57562934
53777	57326282
53003	56500174
53809	57360394
54178	57753748
53615	57153590
54537	58135418
53248	56762368
53389	56911650
52676	56152616
52602	56073732
52794	56278404
52477	55940482
52190	55634540
52092	55530072
52053	55487474
51437	54831842
51964	55393624
52164	55605800
51996	55427736
51553	54955498
51677	55087682
50672	54016352
50102	53407708
50463	53793558
49297	52550602
50247	53563302
49839	53127350
49353	52610298
49335	52591110
49356	52613496
49327	52581558
49191	52437606
49332	52587912
48758	51976028
49043	52279838
48734	51949420
48065	51237290
48264	51449424
48132	51308712
48007	51174438
47539	50676574
47915	51077390
47181	50294946
47488	50622208
47261	50380226
47180	50292856
46850	49942100
46566	49638332
46100	49142600
46295	49350470
46712	49794992
46582	49656412
46145	49190570
45936	48967776
45794	48815380
46103	49145798
46160	49205536
45724	48741784
45471	48472086
45063	48037158
46141	49186306
45384	48379344
45345	48337770
44744	47696080
45224	48207760
45082	48057412
44655	47602230
44637	47583042
44137	47050042
44499	47435934
44070	46978620
44281	47203546
44093	47002114
44216	47133232
44103	47013798
44044	46950904
44068	46976488
44558	47498828
43838	46730284
43958	46858204
43778	46667348
43810	46701460
42941	45774082
42837	45664242
43238	46091708
43431	46296422
42965	45800690
43536	46408352
42453	45254898
42435	45235710
42641	45455306
42748	45568344
41886	44649452
42568	45377488
42095	44873270
41834	44594020
42108	44887128
41831	44591846
41948	44715544
42123	44903118
41617	44362698
41451	44186766
40994	43699604
41383	44114278
41587	44330718
41140	43854216
41761	44517226
41666	44415956
41236	43957576
41458	44193204
41385	44116410
41031	43738022
41090	43801940
41318	44043964
41216	43936256
41332	44059912
41156	43872296
40717	43403298
40553	43228474
40351	43014166
40663	43346758
40279	42937414
40375	43038726
40389	43054674
40360	43023760
40544	43218880
40043	42684814
40184	42836144
40140	42789240
39696	42315936
40110	42757260
39666	42282932
40216	42869232
39778	42403348
39702	42322332
39924	42558984
39089	41668874
38550	41093276
39184	41770144
39122	41703028
39098	41678468
39104	41684864
38620	41168920
38803	41362974
38981	41553746
38407	40941862
38594	41141204
38749	41305410
38345	40875770
38165	40682866
38107	40622062
38054	40565564
38617	41165722
38570	41115620
38248	40772368
38336	40865152
38342	40871548
38644	41194504
38068	40580488
37823	40319318
37775	40268150
37531	40007022
36880	39314080
37747	40237278
37616	40098656
37251	39709566
37528	40004848
37226	39681892
37245	39703170
37886	40386476
37756	40247896
37344	39807680
37033	39477178
37129	39578490
37027	39470782
37232	39689312
37006	39448396
36429	38833314
36861	39293826
37015	39456966
37320	39782096
36987	39428142
36292	38687272
36449	38854634
36283	38677678
36777	39203258
36685	39106210
36566	38979356
36315	38710766
36286	38680876
35942	38314172
36436	38839752
36057	38436762
36815	39244790
36410	38813060
35947	38318478
35815	38178790
36283	38677678
35842	38207572
35829	38192690
35941	38312082
35911	38281126
35457	37797162
35657	38010362
35342	37674572
35033	37344154
35496	37838736
35390	37725740
35345	37676746
34819	37116030
35218	37542388
35256	37582896
35474	37815284
35356	37689496
35415	37751366
35374	37708684
35909	38278994
35645	37996546
35872	38238528
35613	37963458
35457	37797162
35828	38192648
35281	37608522
36053	38432498
35501	37844066
35415	37751366
35340	37672440
35603	37951774
35227	37551982
34943	37249238
34446	36719436
34788	37082984
34676	36964616
34312	36576592
34761	37054202
34129	36380490
34914	37218324
34723	37014718
34642	36928372
34204	36461464
34649	36934810
34216	36474256
34397	36667202
33717	35941298
33857	36090538
33289	35486074
32654	34809164
33442	35649172
32851	35019166
33359	35559670
32853	35021298
33291	35487182
32718	34877388
32756	34916872
32542	34689772
32796	34960536
32449	34590634
32296	34426512
32308	34440328
32119	34238854
31951	34058742
32399	34537334
32112	34230368
32017	34130122
31723	33816718
32180	34303880
31855	33956406
31554	33635540
32019	34132254
31531	33612046
31607	33693062
31126	33179292
31305	33371130
31499	33576910
31284	33348744
31660	33748536
31373	33443618
30748	32777368
31514	33593924
31310	33375436
31332	33398888
31404	33476664
31082	33133412
31381	33452146
31652	33740008
31351	33420166
31226	33286916
31272	33334928
31050	33098276
30923	32963918
30914	32954324
31028	33075848
30652	32675032
30622	32642028
30715	32741166
30847	32882902
30393	32398938
30666	32688932
30173	32164418
30669	32693154
30295	32293446
30281	32279546
30341	32342482
30625	32646250
29743	31706038
30043	32025838
30041	32022682
30291	32289182
30429	32437314
30128	32116448
30181	32171922
30233	32228378
29835	31804110
29995	31973646
29721	31682586
29783	31748678
29419	31359630
29480	31425680
29816	31782832
29698	31658068
29527	31475782
29588	31539784
29483	31428878
29665	31621866
29401	31341466
29300	31233800
29093	31012114
28969	30880954
29502	31448108
29031	30947046
29028	30943848
28876	30781816
28942	30851148
28925	30834050
29049	30965210
28952	30862832
28784	30683744
28872	30776528
28815	30716790
28681	30572922
28593	30480138
28690	30583540
28421	30295762
28133	29989778
28308	30175304
28334	30204044
28054	29905564
28143	29999414
28161	30019626
28086	29938652
28062	29914092
28211	30072926
28048	29899168
27801	29634842
27873	29711594
27434	29244644
27768	29600688
27689	29516474
27901	29741442
27503	29317174
27627	29450382
27988	29835208
27544	29361904
27452	29262808
27561	29379002
27648	29472768
27358	29163628
27539	29356574
27319	29122054
27491	29304382
27424	29232960
27183	28977078
27222	29018652
27028	28811848
27287	29086918
27220	29016520
26908	28683928
27145	28936570
26961	28740426
27234	29030420
26796	28563512
27154	28946164
26941	28719106
27019	28801230
26734	28498444
26657	28416362
26493	28241538
26409	28151994
26655	28413206
27024	28806560
26735	28499510
26270	28003820
26573	28326818
26270	28002796
26656	28415296
26205	27934530
26293	28028338
26612	28367368
26274	28008084
26114	27836500
26444	28189304
25776	27477216
26362	28100868
26057	27776762
25587	27275742
26277	28011282
25874	27581684
25757	27455938
26026	27742692
26130	27854580
25700	27396200
25922	27632852
25340	27011416
25627	27318382
26104	27826864
25194	26856804
25733	27430354
24943	26589238
25167	26826998
24405	26015730
26095	27817270
24383	25991254
26278	28012348
24828	26466648
25655	27348230
24566	26187356
25186	26847252
25774	27474060
25089	26744874
26563	28316158
26734	28497420
28826	30728516
25759	27459094
29861	31831826
25716	27413256
28340	30210440
28249	30112410
181771	193763790
49708	52987704
0	0
0	0
0	0
0	0
0	0
12830	13676780


