8	648
0	0
0	0
30	19908
90	30690
146	119087
79	68177
178	43432
1	42
49	34986
44	26268
40	32841
0	0
55	37345
1	42
101	75006
32	29088
104	102336
153	36090
1	42
265	101256
11	7216
176	178816
140	136640
2	84
148	28564
80	54800
114	66348
0	0
132	87456
1	42
50	50800
72	31140
34	12478
97	33180
1	42
94	87774
153	61708
19	8610
179	123689
118	119652
1	42
85	26265
162	135594
1	42
96	78624
42	40509
0	0
137	130150
180	128340
124	45632
2	84
128	83200
0	0
114	126426
156	155220
0	0
32	33280
2	84
56	60816
118	33040
111	102786
0	0
141	20586
54	21092
63	54621
0	0
188	193302
0	0
131	88425
103	96126
143	21200
0	0
122	30988
40	6320
44	43912
1	42
152	120232
1	42
124	135284
183	52965
0	0
175	138682
1	42
134	58692
1	42
94	67022
40	39400
153	124378
147	37485
0	0
33	17688
75	50732
1	42
92	22448
0	0
136	60520
58	22040
126	30542
1	42
103	101867
0	0
122	105042
67	12596
80	59055
0	0
129	97137
107	20924
135	36450
0	0
176	100144
98	27881
32	12008
52	17264
0	0
68	34816
158	125360
1	42
39	39234
236	238777
112	120848
68	46822
114	56316
169	158634
0	0
59	42126
174	74778
0	0
163	159862
133	40038
180	163980
171	91842
0	0
63	14742
0	0
132	75240
123	63482
142	43752
101	76760
108	21816
0	0
79	21172
81	55162
46	16377
115	121670
67	48240
0	0
69	16284
212	129490
62	55369
147	130998
0	0
110	33330
0	0
232	188385
2	84
172	186448
94	48692
179	161100
112	72128
31	31602
88	33088
64	42756
0	0
95	86165
0	0
46	45586
321	174482
98	67226
0	0
80	59280
148	104932
1	42
116	26564
33	31020
1	42
285	190470
1	42
138	140070
0	0
136	72488
65	33800
1	42
124	66960
1	42
264	153912
0	0
158	61304
132	80388
6	3087
137	48760
76	65967
292	183189
23	20056
108	46116
1	42
75	45225
53	41340
68	73916
62	57687
0	0
128	93568
136	128832
106	63176
0	0
171	176130
38	26053
1	42
122	112972
193	170846
7	4004
142	64894
11	4612
86	20124
173	38406
1	42
91	89726
1	42
156	156780
50	22600
107	75863
162	41472
1	42
121	58443
65	38186
0	0
50	33700
98	99960
79	15408
85	42075
95	51965
87	60900
100	65300
44	27510
38	6802
70	28280
166	33532
0	0
159	126206
1	42
101	106858
40	23680
106	76587
88	18747
13	2795
80	86640
81	80271
0	0
177	33276
154	128256
213	52475
148	136752
0	0
120	75720
130	80600
157	73125
107	25466
93	70973
0	0
107	58903
51	35292
110	24530
0	0
159	60102
145	83955
1	42
152	70832
17	2906
101	18079
53	22737
150	105570
74	44918
59	41359
128	56049
0	0
39	9438
40	9363
0	0
140	65240
0	0
168	185304
178	74416
53	22456
72	51696
134	116816
44	14080
32	31360
74	63566
1	42
88	61512
0	0
170	117130
1	42
73	40515
76	75240
62	16058
84	59636
112	120512
0	0
123	47601
1	42
74	30118
44	13464
1	42
308	184589
144	95616
40	18800
115	51290
1	42
77	65835
126	24192
48	47559
0	0
71	45795
118	77408
89	12193
1	42
52	15496
44	26100
79	25596
135	124200
0	0
83	84660
0	0
132	131736
56	39612
133	96957
0	0
49	38857
137	43566
152	47272
37	9324
2	84
145	51620
111	21201
43	18705
176	41536
3	2304
184	135306
148	52392
131	52531
0	0
79	21725
157	167990
133	91371
1	42
52	43004
103	48186
111	55722
177	66375
59	42539
182	70423
1	42
54	20520
59	7756
45	26910
74	64824
171	153216
130	115700
79	68097
87	85042
1	42
44	43956
151	145866
63	63063
76	76076
116	81084
167	36230
0	0
44	24552
1	42
128	135168
108	40716
1	42
41	16318
182	101054
201	118264
46	19532
200	173502
56	54712
34	17748
0	0
108	54324
176	35917
177	140184
161	114790
220	203780
0	0
114	69882
156	35537
91	52052
109	103659
180	31500
105	107370
83	84743
86	24862
136	85680
76	18924
0	0
168	24024
34	33207
1	42
75	59025
0	0
97	53447
155	42546
62	31434
0	0
137	94268
1	42
145	82215
174	158510
0	0
96	76032
0	0
42	6090
2	84
160	112000
142	41038
0	0
107	20223
228	176571
0	0
149	133355
1	42
102	51204
59	22198
52	19864
64	38400
0	0
143	46101
248	110147
0	0
115	23230
37	25350
53	36598
138	82938
0	0
100	70100
68	48280
124	103731
0	0
122	93330
0	0
140	53200
2	84
70	10850
106	59042
233	76645
158	113239
100	25900
98	61544
90	57240
140	61740
1	42
56	41104
116	90202
68	73168
120	44760
168	136982
0	0
81	45522
149	27267
0	0
74	9842
137	80282
33	13002
178	61638
41	11562
0	0
230	75465
129	121898
108	50760
0	0
115	64860
104	95992
48	9489
61	11142
167	164996
35	9310
104	78734
0	0
40	30520
146	72270
1	42
172	31820
1	42
71	22294
0	0
128	27264
1	42
135	110565
85	37418
284	135564
1	42
32	28096
26	25242
15	15120
66	49302
25	23730
92	85596
43	35238
34	19720
195	94170
81	52812
86	82474
1	42
41	21525
1	42
125	75875
0	0
131	126349
1	42
117	101907
120	113806
0	0
91	64701
1	42
96	93792
1	42
179	155193
0	0
273	238563
1	42
134	35778
33	10186
0	0
67	74370
1	42
271	88179
1	42
116	96164
44	44792
1	42
95	93290
1	42
105	74630
0	0
69	69828
2	84
164	151208
131	100346
177	143016
173	90306
52	20646
42	18018
1	42
135	63180
118	121776
48	52165
180	65880
0	0
165	164505
100	24000
91	60515
55	12375
117	23242
13	3033
93	36921
82	39606
179	172914
96	63552
33	28512
73	57086
15	11565
58	31608
159	55674
187	112807
71	64949
153	80937
44	9416
0	0
92	18124
0	0
54	54000
124	35830
138	69552
143	147290
179	170229
183	150505
23	21045
148	98927
164	117752
37	17168
36	37562
78	37986
166	121581
152	118864
172	118680
0	0
143	98956
55	54835
166	80012
1	42
172	136052
37	40219
38	34304
0	0
55	54505
0	0
245	66570
47	8366
172	160820
80	84335
0	0
114	100890
99	76678
130	90740
172	42312
0	0
199	123277
0	0
95	55195
1	42
87	94917
0	0
115	47840
51	46792
91	76622
0	0
55	54505
163	165771
1	42
148	122544
130	114207
0	0
133	91371
86	74992
168	57792
0	0
85	11645
82	74319
1	42
178	39694
97	45202
0	0
171	105849
0	0
90	40680
53	45594
0	0
33	6303
176	145817
0	0
30	31320
32	20736
81	27864
116	121252
30	12030
174	34974
1	42
111	27195
0	0
80	59600
1	42
136	99824
103	22557
0	0
91	18473
197	154137
157	104030
104	65653
0	0
179	75717
0	0
39	41691
64	40192
37	17094
0	0
128	107008
2	84
132	53460
143	143715
164	170724
121	35211
1	42
97	66930
126	36162
140	125300
95	94794
69	53613
1	42
71	22152
168	86856
0	0
93	72633
68	40108
49	9506
1	42
67	34371
31	11191
134	45990
0	0
80	54320
0	0
112	86688
1	42
52	38376
110	68276
0	0
59	33217
94	17991
153	74970
0	0
72	41472
49	37485
0	0
92	56832
166	114228
92	42872
150	135900
20	8420
179	77278
147	76254
58	37526
81	26568
63	54432
81	68442
53	54325
54	54367
111	15207
0	0
151	166402
175	70350
0	0
93	14880
177	92266
1	42
131	45195
0	0
145	35424
167	134769
0	0
111	98124
159	152163
63	27136
154	146391
76	40356
72	78048
0	0
127	20320
154	95172
38	11856
156	47268
1	42
64	50176
125	70102
98	69678
0	0
37	18056
155	98085
0	0
46	7222
1	42
166	117362
1	42
113	118763
66	31350
0	0
110	76670
100	88500
44	9548
1	42
70	77350
47	9104
77	49819
145	112520
51	46512
99	103455
0	0
187	178160
45	18654
1	42
40	29560
227	81877
0	0
102	76806
112	63280
151	161215
0	0
128	103424
151	141192
16	13017
35	30275
82	40655
159	129744
92	99652
117	118755
102	35598
110	14410
1	42
125	104187
97	104874
117	29367
73	75498
0	0
86	49536
113	123735
110	22387
67	18224
46	10977
102	87414
78	44460
1	42
124	104904
141	110121
152	119016
150	41613
121	60282
59	54457
59	54457
115	115000
1	42
138	87492
51	25500
0	0
172	153252
72	55454
43	7783
0	0
123	25584
48	24388
0	0
44	6248
127	110589
1	42
84	60732
49	46266
99	29106
37	19869
0	0
157	25591
13	1877
67	48575
59	10856
139	128992
158	70152
123	48232
0	0
33	20724
1	42
163	162022
1	42
94	83472
0	0
102	75786
41	8322
80	47520
81	15322
80	45920
0	0
134	79864
160	82400
0	0
155	48205
91	88962
273	259854
1	42
157	46472
65	39780
53	53887
55	44825
162	78570
0	0
126	68292
122	35364
61	53924
200	138008
114	77406
98	45276
132	126060
0	0
133	77406
48	34164
20	13836
162	85374
0	0
70	43610
113	21131
182	125038
0	0
87	64641
139	67662
49	30954
78	50232
178	92916
0	0
120	59880
85	43605
147	61299
1	42
104	14144
71	43381
1	42
179	60681
103	86108
8	6688
108	106704
0	0
141	82626
61	24702
144	84096
122	23395
128	43904
53	55597
0	0
66	53262
0	0
83	14193
88	24663
0	0
49	35770
1	42
107	90950
135	117855
118	111660
0	0
30	24810
0	0
113	26216
1	42
51	36975
205	119406
0	0
168	112056
108	96444
0	0
43	32551
38	37524
1	257
105	26985
117	65520
123	99507
0	0
139	84790
89	48630
133	55860
93	93558
22	12694
267	171387
0	0
193	120107
18	8068
21	22701
64	69184
100	98500
24	18336
144	109294
52	41392
1	42
113	27346
118	117882
122	108580
89	37178
44	36652
49	40817
117	15678
55	23748
103	44820
62	58156
13	12194
56	11032
29	5713
92	96876
2	84
32	18848
0	0
137	150015
131	62749
130	76960
1	42
115	31165
55	11382
79	80580
43	35991
1	42
169	181168
100	82700
40	30540
70	9730
164	41607
175	48650
0	0
137	113436
119	85710
0	0
126	63252
41	30442
69	25599
122	98698
1	42
101	65953
177	163018
137	74528
176	82192
54	42495
1	42
93	54870
84	80556
0	0
145	140795
33	30185
170	64430
207	163607
0	0
127	97028
222	69028
1	42
154	34342
75	23625
258	124980
16	12567
41	33005
1	42
113	88027
1	42
87	96831
119	37961
171	190323
1	42
57	19893
198	147301
98	43610
35	37905
68	57596
235	116462
96	14688
142	20164
81	29808
133	91105
151	138316
231	108705
131	117896
143	37104
50	23500
77	54978
113	119847
50	50250
57	56322
54	30456
35	18515
1	42
166	113046
0	0
133	32319
155	75656
109	89271
80	75840
195	54532
0	0
179	152866
47	40752
0	0
132	122232
143	78650
62	28892
177	127994
152	28732
0	0
68	44540
40	28800
76	21128
0	0
106	80030
2	84
177	73809
0	0
31	7998
0	0
37	27417
174	40368
81	47882
118	84252
123	100936
81	33129
136	146880
141	38352
82	49533
3	2310
198	109651
0	0
162	146934
170	69332
17	8394
135	70470
100	84200
94	73978
168	84840
44	19316
68	29455
55	21285
1	42
112	49280
0	0
87	56289
1	42
117	25740
69	56373
36	7704
109	98538
161	156492
1	42
135	102465
0	0
119	40460
81	47082
60	35100
73	42162
92	49680
0	0
101	89890
143	18876
1	42
126	119070
32	31941
148	57424
95	104215
0	0
166	41832
1	42
65	44720
1	42
126	131040
150	76200
129	40377
54	38556
2	84
73	57524
0	0
46	41078
95	15675
0	0
40	41240
164	174452
1	42
94	15134
84	12348
96	13824
1	42
67	21306
236	43980
62	16695
96	45984
0	0
55	36795
60	11252
166	59760
130	53430
168	185746
78	13494
0	0
167	108216
88	18832
1	42
127	41529
1	42
35	29890
73	36834
42	32592
31	24056
83	35856
52	47736
143	72320
0	0
161	52164
88	59673
159	114849
164	167444
166	48970
149	41422
0	0
44	20680
1	42
226	171763
0	0
87	42219
129	34474
139	61452
105	113637
0	0
160	133760
157	83034
0	0
99	38313
0	0
38	25384
2	84
141	46953
129	98169
0	0
64	9024
125	103086
40	7200
58	35554
146	122202
1	42
47	17625
1	42
141	68103
37	23717
1	42
78	71136
124	21576
134	38860
3	622
346	345636
0	0
59	64015
218	131581
74	57639
173	91825
0	0
34	6732
94	84224
0	0
245	109901
1	42
170	26180
168	32273
0	0
168	42504
88	40480
1	42
34	14246
0	0
40	16360
66	26627
2	930
206	120044
1	42
100	103100
156	93288
0	0
100	107400
1	42
166	163915
1	42
70	28770
0	0
179	138546
103	58195
147	19314
37	29634
121	81906
10	4040
102	76398
0	0
41	29479
71	54173
52	46434
0	0
162	101898
154	69300
145	42485
154	156618
0	0
110	50050
102	66384
157	106603
0	0
158	77104
143	105820
113	101135
48	50352
66	24547
46	41400
59	35190
50	30300
61	30378
63	31374
54	23652
1	42
179	77149
1	42
128	60800
93	83886
1	42
168	170196
0	0
35	38745
132	133269
31	29760
125	41086
0	0
65	27820
49	27538
181	45402
75	40742
35	14805
0	0
163	172617
0	0
265	127192
2	84
107	68908
107	95230
0	0
65	36205
163	55951
0	0
145	39005
91	59787
11	12254
92	101080
51	54942
12	3636
152	46056
48	25968
36	18977
111	112998
134	139206
0	0
149	114879
0	0
119	69853
116	64672
169	31794
51	39627
182	104334
1	159
44	41448
1	42
50	52400
60	40634
0	0
30	14880
73	12045
54	8787
69	14007
1	42
66	28974
60	47640
0	0
158	72680
0	0
253	180003
2	84
134	111756
109	107147
88	85184
57	26106
104	82472
67	32316
46	6348
1	42
140	71540
194	126471
48	30672
133	28994
18	3748
64	67264
73	33945
0	0
60	66720
112	33675
78	72852
1	42
173	122138
121	42471
155	64790
180	186660
0	0
140	115220
2	84
102	50388
0	0
180	67140
50	27600
0	0
51	44676
90	25051
1	42
167	185537
95	52915
90	45360
130	143260
58	56724
98	21576
19	5358
92	25704
144	128592
123	35670
0	0
49	18816
1	42
37	30895
88	54648
0	0
165	110886
1	42
94	59972
171	169362
67	62511
0	0
172	124528
42	28602
104	70824
32	4160
2	84
85	22610
140	81620
259	186288
0	0
124	27032
0	0
51	19941
71	70672
149	123968
154	101640
1	42
49	18277
91	29939
118	59236
22	10584
112	55664
203	193637
0	0
129	140352
251	176065
1	42
115	37835
46	9222
0	0
146	57378
87	70383
0	0
63	60291
1	42
47	18894
174	83428
0	0
96	74880
164	161868
176	156667
44	39644
0	0
155	61535
31	9114
177	32745
127	86584
127	24257
98	66738
17	8517
162	81162
52	46228
144	66966
0	0
131	127063
46	30327
103	113609
157	73319
1	42
155	156330
57	47880
33	5874
1	42
107	105609
1	42
166	63910
126	91854
109	23653
37	13254
0	0
116	77488
1	42
130	104130
0	0
68	35700
110	33941
99	66528
1	42
73	72854
168	159096
0	0
31	9486
1	42
167	145290
69	11874
50	8700
139	150259
120	41811
112	50624
1	42
99	31977
169	176943
126	30366
1	42
79	68256
127	21714
0	0
81	44145
161	130088
124	86265
1	42
177	87084
0	0
86	67080
245	192726
158	166532
88	77472
0	0
149	21158
140	92680
172	162150
1	42
153	156978
134	121136
0	0
117	22815
68	10226
0	0
164	144320
107	100318
73	65116
0	0
130	50613
126	70118
258	206184
0	0
177	77172
132	111785
147	139647
91	87269
29	5922
5	1050
48	29712
0	0
177	82305
1	42
111	68154
83	27639
59	19472
47	16779
81	28917
124	65844
125	96638
0	0
99	13365
62	38564
1	42
123	52890
51	40953
1	42
123	132594
0	0
87	77632
181	91082
1	42
125	94750
59	17152
116	34220
118	65726
65	64610
38	37772
111	45510
1	42
112	114352
1	42
106	24380
64	18752
63	11655
96	35904
209	178366
0	0
88	29304
41	14162
101	43733
0	0
30	25770
0	0
158	55458
110	71437
123	54366
0	0
128	47104
36	18137
133	17556
118	61714
163	90438
42	31248
103	19673
78	55884
0	0
52	49088
120	112259
160	165210
161	94442
38	5282
0	0
123	75645
29	17313
37	22089
117	111033
69	10737
30	30390
14	14182
34	29546
0	0
93	99138
0	0
32	7232
73	30066
1	42
172	191092
52	6812
127	116840
41	15457
1	42
104	46280
0	0
120	31080
119	21754
0	0
81	63747
177	31329
64	44492
64	15296
63	34146
153	140454
1	42
166	45816
76	12464
153	62150
65	42575
0	0
166	116034
81	50544
0	0
127	75946
66	53797
66	53797
117	89739
0	0
41	30381
83	16360
26	5017
60	28740
108	100764
64	58821
85	13600
91	14442
105	48930
104	71552
62	43474
0	0
123	66666
95	55784
31	21948
117	19305
147	91876
1	42
141	128592
37	28083
173	89195
1	42
96	23232
1	42
103	106193
39	39220
179	82698
0	0
51	7446
108	27327
133	125178
98	21952
0	0
80	82160
1	42
72	9936
1	42
101	28583
0	0
100	96000
129	119594
1	42
31	10354
0	0
167	50100
44	6277
147	22380
177	122661
0	0
186	77200
1	42
128	32256
1	42
30	17160
144	61776
1	42
128	109696
49	42777
170	96220
158	120238
18	13698
97	37442
85	35490
180	143779
159	85701
0	0
58	36366
60	11760
45	48555
0	0
160	138400
0	0
80	76560
58	45164
0	0
63	16884
45	15705
56	44632
111	123543
0	0
142	75260
64	13587
0	0
180	27900
173	81054
0	0
120	16200
0	0
247	189164
1	42
166	63246
118	54232
0	0
84	19908
134	122801
144	143712
3	648
105	61490
77	30338
10	3910
24	9384
118	25252
0	0
135	105165
61	18042
53	50509
175	131412
179	159668
188	181812
150	85290
142	138734
40	21320
119	42483
0	0
59	58528
2	84
80	25120
144	67530
242	224002
180	118420
0	0
76	13452
58	31164
102	55692
101	64842
157	54950
0	0
147	157290
92	63296
102	87205
84	65352
0	0
175	137025
85	93114
0	0
200	110157
47	11358
133	82061
95	74005
127	103632
0	0
125	22500
173	136843
93	58506
0	0
152	139840
161	21413
174	149988
0	0
74	37222
78	58570
0	0
82	11644
168	91391
0	0
164	34276
45	14490
1	42
121	130801
135	36045
0	0
73	22703
96	48587
0	0
39	35373
1	42
113	18871
143	28028
101	95143
168	128016
160	142720
1	42
31	6792
125	48532
267	101800
52	29952
66	54384
14	10976
105	82320
109	44036
82	30324
146	60152
96	61152
0	0
151	162929
87	69861
153	131427
38	34045
61	19032
1	42
299	295742
0	0
66	62370
135	56590
0	0
114	81738
147	118629
0	0
162	113019
95	98460
56	57792
149	32898
57	34770
45	15930
98	15092
56	40264
0	0
81	31590
2	84
40	16480
67	46297
137	33839
52	11804
164	114144
105	110282
111	24087
69	14662
73	15695
162	140454
80	44800
78	14742
127	31710
127	55499
0	0
219	147089
179	158818
66	30954
1	42
217	58534
0	0
155	165850
58	31436
0	0
131	113053
2	84
119	82110
203	176555
0	0
30	7320
0	0
97	32107
101	18079
34	5949
163	151101
1	42
101	87466
0	0
134	122906
0	0
53	32701
7	1950
76	23892
13	7046
109	59078
91	87542
168	67176
0	0
234	144432
0	0
63	9450
1	42
138	114678
72	64084
35	36050
0	0
57	17043
0	0
126	115416
81	54436
66	29832
78	72696
20	18640
152	61256
72	29081
0	0
39	5616
0	0
152	42864
137	40026
98	16241
88	28864
71	47996
137	62684
0	0
116	80620
1	42
92	23828
67	22284
68	66436
0	0
151	48773
39	14900
162	151308
48	14928
147	102753
155	165230
141	150402
43	11782
0	0
34	25228
0	0
50	33900
1	42
92	60996
75	83100
58	42165
98	60074
0	0
54	37908
65	54470
0	0
171	58824
147	49974
74	48914
1	42
294	182613
0	0
56	53312
0	0
39	33930
106	98580
73	23287
41	40242
1	42
186	101809
68	10200
0	0
154	68670
45	23895
45	7650
83	90719
160	104348
171	172762
0	0
142	117150
202	218556
62	42708
94	87044
230	134730
29	6699
33	21549
98	62772
158	132246
170	45730
0	0
65	14365
0	0
128	142336
49	42042
57	48906
202	66450
147	144728
142	53340
0	0
163	135779
39	17082
92	57868
32	27328
34	27914
0	0
31	21762
141	19502
215	173394
66	29568
49	46942
0	0
180	51120
168	162960
2	84
157	64370
62	35464
0	0
82	70274
0	0
129	100878
1	42
52	55224
161	165642
126	69048
160	167680
61	43249
90	66347
0	0
68	61268
0	0
67	13735
85	22134
0	0
172	143104
84	35815
114	76722
0	0
203	78031
72	35496
181	156642
1	42
221	214342
166	93790
0	0
50	10050
0	0
55	33605
33	9942
0	0
256	274312
61	20618
0	0
122	126400
167	168864
152	130872
1	42
38	31236
0	0
128	67790
105	59114
176	54560
64	23296
78	72306
49	37289
165	72366
0	0
75	57750
35	18025
1	42
99	36333
32	16875
91	65611
138	80316
170	22610
105	55755
1	42
58	40194
60	51549
0	0
57	7923
110	70100
129	73770
0	0
166	148404
88	67320
166	108702
2	84
229	155744
0	0
116	127832
123	129642
247	115290
34	6154
0	0
84	59220
46	31497
102	36705
0	0
166	83830
119	15470
293	131694
6	2957
182	91091
0	0
129	85140
164	173800
1	42
40	20120
0	0
251	221213
0	0
99	34155
86	41777
0	0
169	83993
1	42
220	131055
10	2238
260	102170
0	0
38	29602
133	51205
1	42
46	11868
141	122682
0	0
100	26200
172	64338
102	77338
0	0
135	39285
21	7392
135	46900
117	38610
0	0
77	62447
56	34832
76	74202
110	33330
30	8190
80	65440
1	42
105	32340
80	60556
72	72432
111	94313
177	100536
0	0
110	27720
56	33097
138	124338
1	42
61	67222
0	0
92	43884
105	28850
0	0
77	67298
102	89148
139	91879
2	84
214	57888
148	85396
82	39114
0	0
165	114675
59	19994
0	0
75	12300
9	1354
113	21357
119	46291
53	57710
175	42700
162	110808
84	78792
75	43054
0	0
156	67548
1	42
106	38372
0	0
112	56238
0	0
174	93960
141	111813
1	42
144	62496
36	5852
147	89523
158	105386
209	153519
180	183240
0	0
68	33864
1	42
109	117720
82	17457
31	21421
48	23040
0	0
99	83358
130	36400
5	1162
142	27264
20	12050
131	82792
98	63700
158	40764
72	76104
0	0
209	83303
37	25638
170	67430
44	8599
88	97504
45	49860
130	129090
0	0
162	137376
93	64077
0	0
83	91881
142	51184
0	0
97	63632
67	24053
5	1795
151	20838
155	143840
73	73438
1	42
112	110992
98	82201
32	8416
170	117470
63	30303
97	46657
81	35559
0	0
148	67340
76	26592
150	20306
0	0
103	32857
133	62643
138	20148
0	0
89	18245
72	64439
0	0
170	101490
158	127997
137	101106
107	46224
1	42
97	104566
34	20672
0	0
37	27195
65	55380
36	38787
91	50082
0	0
123	122017
98	107996
0	0
123	22263
11	11062
42	46284
65	31005
54	27594
1	42
44	47124
0	0
131	116459
28	11841
79	49979
90	78750
180	166320
35	19390
102	18462
149	109118
104	29191
57	9861
28	4844
76	83980
0	0
81	90072
51	53142
38	35074
0	0
220	148057
163	32774
33	7887
176	48400
1	42
122	50142
145	154425
67	38592
0	0
90	28620
158	126427
0	0
127	47625
1	42
82	66666
147	29096
75	74775
0	0
178	85618
46	28658
42	34277
68	39304
1	42
131	51221
38	34352
40	29565
69	33189
0	0
271	96909
65	9750
151	75994
46	28420
168	133560
47	12643
143	83798
123	40137
99	59430
73	42340
121	74415
176	88000
44	16812
177	97194
66	70884
0	0
112	80080
0	0
110	58410
1	42
139	140229
276	129346
173	128885
1	42
148	72372
176	165088
251	84306
21	3822
167	138610
147	67654
0	0
235	211252
49	46942
65	35945
125	39875
28	21777
38	30590
45	29835
1	42
31	13454
64	25683
0	0
145	21750
0	0
47	36613
68	23392
63	34272
65	28686
35	15890
127	31242
0	0
73	32485
85	75735
1	42
68	13056
174	177367
132	135960
237	160671
62	42925
141	138885
32	10976
1	42
129	117132
1	42
90	95130
62	50840
69	42096
0	0
147	139944
2	84
111	102009
0	0
174	170520
67	50317
77	21170
0	0
43	35819
172	144708
64	54784
1	42
73	70518
42	36204
0	0
49	23324
1	42
42	25578
168	64838
166	68392
0	0
97	44232
171	23085
228	202245
1	42
50	34250
162	153738
86	50138
144	28368
128	75226
28	16026
122	135664
131	123271
12	8028
101	67569
116	104052
0	0
145	159065
2	84
70	59449
94	67398
129	92493
0	0
145	160370
41	44522
115	127880
56	33824
169	34818
48	31104
2	1296
183	118285
58	33729
47	32289
0	0
41	33415
88	52242
142	45726
95	86260
174	181830
89	72090
160	157440
49	26950
215	86692
165	138270
106	34122
0	0
105	36855
0	0
150	25200
1	42
175	71750
66	36960
72	39802
49	18963
77	69223
268	234630
91	60788
199	162314
0	0
161	85185
114	22190
79	59803
125	133590
90	54955
0	0
123	98466
0	0
165	29700
49	49674
1	42
116	45356
0	0
138	58098
71	49558
150	131850
0	0
104	78832
0	0
39	29250
155	102594
146	63364
0	0
98	99372
63	14931
0	0
124	65348
0	0
86	91074
54	42384
72	15591
48	7200
25	17750
190	86882
125	73625
77	74275
85	43435
101	19695
99	96964
72	70920
1	42
167	58784
82	34030
80	64160
43	43086
30	23790
77	60310
77	21560
135	102600
145	119770
1	42
159	96831
146	107766
105	110880
50	19900
34	24759
57	19209
164	91822
153	89617
0	0
177	129387
173	83806
76	79572
122	113782
72	40248
0	0
117	95823
56	31416
0	0
174	187920
139	53376
108	72802
43	36550
1	42
171	78831
143	84370
77	32340
0	0
75	52125
152	31464
60	23880
145	104586
48	50688
156	43442
90	36720
63	55881
41	25830
50	6950
1	42
118	86966
0	0
58	19720
41	25282
0	0
42	45108
135	52704
121	37994
0	0
31	7161
0	0
155	59210
2	84
254	174456
0	0
178	193842
0	0
178	192062
20	7980
105	41538
46	44252
68	41582
0	0
139	90906
31	16337
59	31093
24	6432
110	49742
36	23832
36	9540
128	28039
0	0
54	16794
0	0
57	26562
66	13952
131	73360
0	0
190	184429
79	62634
166	127654
0	0
170	146030
65	10986
51	29631
4	2324
85	54825
43	27735
57	36138
1	42
86	66564
1	42
57	51528
163	133005
77	49518
142	47286
54	55998
89	85440
75	71082
38	41458
1	42
76	13832
131	62880
0	0
37	41107
1	42
178	119794
102	59026
86	16770
0	0
134	144854
1	42
129	30960
0	0
142	155348
41	13202
1	42
135	121095
111	105117
0	0
101	14241
1	42
86	56674
121	24762
0	0
160	125048
1	42
90	33480
42	11298
75	64708
107	62488
54	27337
0	0
52	11024
146	71690
41	16389
27	4809
50	31400
35	6020
0	0
153	38988
64	18060
67	39597
150	92550
132	140605
0	0
144	66208
84	38556
57	26163
86	75766
56	21382
66	62442
168	144712
0	0
157	106603
0	0
81	55647
1	42
105	72030
56	32382
155	47430
0	0
83	18841
80	78880
35	22610
33	29578
0	0
63	64134
136	92112
0	0
45	6075
0	0
169	118212
1	42
163	83782
88	50415
99	48411
0	0
126	54432
87	95265
76	19836
114	32360
50	33500
1	42
143	107536
109	72485
0	0
167	67468
0	0
61	60512
175	63378
156	56784
159	24374
102	33354
4	1340
100	33500
81	89748
1	42
90	87840
1	42
86	29326
33	10989
16	3200
159	31800
27	7722
5	1430
22	18194
285	142773
0	0
82	31816
0	0
38	24700
80	13360
1	42
127	133096
40	38920
0	0
102	70278
1	42
97	103499
46	41532
90	82980
147	58506
0	0
144	41040
145	137895
153	147634
0	0
165	46365
42	26938
0	0
126	63000
1	42
127	53848
142	71568
121	126566
64	69376
273	192437
1	42
174	171564
1	42
50	34650
144	96912
38	18962
112	108192
0	0
261	233166
1	42
137	127684
109	102210
126	49896
0	0
52	13572
130	36678
85	17680
73	15184
53	22101
0	0
128	101120
96	55712
1	42
169	164099
0	0
100	59900
116	75516
157	87135
39	10910
0	0
163	74491
131	36678
45	34020
1	42
86	76282
59	25842
154	40656
126	69720
16	8622
166	119492
38	21052
137	125766
0	0
86	15136
103	77662
145	144228
132	96624
0	0
133	21280
0	0
77	81928
169	22890
109	74022
103	66435
47	29845
176	177232
73	72906
0	0
40	34120
1	42
132	55572
0	0
38	15808
1	42
133	73948
35	25305
0	0
83	46231
175	93132
119	130314
60	64740
0	0
68	72352
80	39280
104	29603
0	0
112	85680
170	41616
42	18732
0	0
172	24940
121	108282
149	132163
172	179079
170	117980
168	71736
176	127600
40	38223
0	0
130	111930
143	138710
0	0
48	39936
147	84056
187	185515
1	42
58	53012
173	106914
0	0
80	61920
67	51121
73	9690
178	122998
0	0
166	47144
68	18266
0	0
161	151662
0	0
134	119260
1	42
148	100754
157	70336
126	91476
21	19802
187	172310
89	34977
85	37825
29	26838
191	67980
133	54929
0	0
117	28197
1	42
156	28080
134	66330
57	52794
148	128612
0	0
117	102726
98	42532
33	35904
1	42
116	91408
113	39690
67	11055
71	30601
0	0
140	107612
127	136271
130	89180
1	42
172	120916
1	42
35	38080
0	0
107	82283
89	38359
0	0
85	41735
36	10052
123	22509
1	42
43	27563
143	39182
176	172656
0	0
161	48668
1	42
134	98624
145	137706
252	101808
141	55342
136	41888
0	0
147	79674
159	54537
110	27183
39	9711
81	21708
1	42
131	115542
35	26740
47	36060
0	0
139	28217
55	47300
112	64736
142	39099
177	157914
3	3072
35	35840
46	6624
8	6902
204	211344
0	0
84	89124
155	147002
180	97674
72	42216
118	107734
0	0
116	127484
78	53172
107	112885
165	58740
70	31500
39	16341
178	137748
57	27594
0	0
83	80178
167	26553
142	86757
7	4305
90	31950
66	40326
19	11609
56	61544
215	219352
131	102966
98	17346
1	42
32	8992
35	5635
63	37611
177	66198
0	0
109	75319
276	86208
86	87422
44	15576
144	81292
0	0
68	69496
40	18120
34	26860
0	0
132	96492
80	44677
71	29820
0	0
44	11000
109	25098
100	29755
0	0
47	47094
119	16541
224	74319
138	39692
0	0
164	153340
152	157472
1	42
75	21375
105	56280
12	6432
162	76626
1	42
127	74930
0	0
177	27258
0	0
118	131452
1	42
177	146733
74	66452
83	77937
38	31270
56	55832
142	37556
175	92064
19	15865
151	126085
241	168972
39	26520
168	106344
154	42966
1	42
129	60243
35	17745
89	45123
59	40651
1	42
148	129944
0	0
90	48420
1	42
178	129228
53	41174
49	21805
174	126150
57	42921
59	47849
1	42
136	117640
139	106188
0	0
103	96923
1	42
125	55125
74	56610
156	69244
157	93415
109	74349
95	75042
32	6016
0	0
146	80098
135	71982
1	42
150	87450
0	0
82	87494
113	24794
54	30078
109	69911
0	0
153	134946
0	0
43	37582
0	0
126	27720
170	68460
128	65280
0	0
167	178356
54	49140
1	42
286	100761
0	0
42	17220
1	42
128	55296
1	42
107	17334
88	93016
8	7568
106	100276
163	169683
167	142636
85	80482
35	15715
0	0
55	40535
31	7502
165	66134
1	42
83	76360
44	29348
98	105938
1	42
104	97240
219	117971
221	123534
157	139887
161	107562
175	53900
0	0
318	196008
278	122402
18	3442
89	94340
74	72742
85	83555
116	67164
93	18375
0	0
158	85952
0	0
122	127490
1	42
62	33852
57	20706
73	70299
119	112968
106	14098
0	0
153	62730
160	165561
172	96486
56	18032
0	0
161	157619
0	0
135	18900
37	7749
0	0
96	50784
39	20631
170	84660
90	35108
1	42
105	39690
65	25545
175	163428
0	0
226	83659
0	0
95	78090
171	34212
0	0
178	161446
1	42
287	207326
4	2736
220	160626
39	19110
0	0
100	36700
0	0
84	25200
2	84
179	154119
154	87010
0	0
130	69030
68	9958
0	0
109	87527
0	0
71	51688
63	61298
81	67554
124	100164
151	128954
0	0
157	143184
154	88088
66	48774
1	42
188	139108
87	87590
143	115973
0	0
118	23482
133	139698
186	191409
0	0
147	110544
31	11842
150	100872
91	53872
90	99810
88	97592
249	140805
1	42
129	87720
65	23920
45	41715
1	42
146	107602
88	14658
33	5544
161	132112
162	100844
0	0
66	57618
180	81720
1	42
75	65175
109	61062
111	60606
45	37485
80	58240
0	0
132	65076
74	52244
128	119296
68	34998
0	0
145	159645
0	0
142	87046
43	34056
0	0
203	159370
1	42
103	26368
7	5760
37	35261
157	31400
10	5070
165	83655
11	3443
187	51688
60	10140
15	7965
66	34557
69	17940
27	7344
206	90716
23	6118
124	32760
46	24518
36	19398
176	93728
39	19916
142	149526
36	14940
0	0
118	16284
1	42
109	88290
163	153633
0	0
137	141110
45	20370
56	25872
102	96594
1	42
85	32725
0	0
78	58422
104	112736
81	24381
124	92049
7	6531
155	108461
119	74500
62	25358
170	78540
1	42
238	153922
84	93072
142	102950
0	0
106	116388
46	43962
1	42
162	131220
37	24975
82	23124
0	0
95	32300
32	10582
70	54460
1	42
93	21204
24	5472
61	51362
0	0
235	79964
102	81044
175	192150
55	53405
1	42
59	33217
0	0
56	40656
5	2082
107	54570
7	1414
197	114098
119	124831
151	69642
0	0
71	42742
127	132342
100	95123
160	38560
0	0
184	155576
70	14463
109	28122
53	54538
0	0
54	8586
102	24786
112	35728
185	35311
51	31518
121	74778
34	9996
1	42
115	88205
96	97344
1	42
169	25350
82	52808
76	45448
277	86966
245	231005
26	19682
48	51600
56	23412
4	1728
174	182526
0	0
81	73629
123	32472
0	0
93	44733
132	46154
144	147456
68	29790
51	25245
134	71904
0	0
167	166666
1	42
84	22764
0	0
94	95128
116	24012
94	61608
0	0
105	42945
145	69018
0	0
42	30996
40	23280
56	29008
140	77000
0	0
136	97648
150	32644
0	0
124	137144
50	55300
75	23175
0	0
99	56727
142	45585
94	13536
1	42
75	63225
0	0
158	82002
78	64194
164	174126
133	42294
0	0
142	24282
138	61656
63	10706
52	47632
0	0
41	42312
1	42
44	18744
161	45885
0	0
105	60480
1	42
151	70366
160	177440
109	67519
125	87157
176	128389
43	38220
56	10360
0	0
75	20625
174	181482
0	0
245	188680
126	50792
1	42
50	50550
0	0
109	95157
129	34185
15	3752
31	25854
0	0
62	57970
0	0
144	85968
1	42
116	111940
155	104916
0	0
179	53163
66	49698
120	86640
1	42
123	72324
211	83559
139	43507
0	0
143	156442
84	83244
101	49042
0	0
104	39728
64	63360
86	21586
0	0
176	158952
2	84
100	35811
104	81120
173	40482
0	0
66	46662
43	20538
0	0
107	33277
158	88769
0	0
76	55404
148	104192
101	37142
93	95604
0	0
44	18788
118	28320
1	42
93	65472
180	31140
1	42
232	48354
0	0
81	43543
0	0
115	77106
135	66900
47	28905
116	47652
112	53018
248	272340
44	23760
91	12285
45	43785
0	0
43	34529
51	52492
1	42
98	22442
145	158920
107	87954
0	0
162	88128
222	176868
39	33102
38	34922
167	92172
97	13192
0	0
47	19881
0	0
101	44945
57	15447
1	42
164	68298
1	42
145	85260
113	74693
100	56600
0	0
169	132665
77	32956
124	108282
1	42
34	15504
65	12350
50	45050
73	56283
105	87675
155	147870
0	0
66	62898
1	42
76	56772
36	23002
87	86739
71	50623
3	3273
118	128738
122	79422
57	37107
117	45513
140	104292
138	93426
1	42
110	109064
232	110409
0	0
47	9165
96	86208
24	21552
150	162300
110	32197
52	28028
167	82177
0	0
132	80520
79	24490
55	9295
0	0
104	63533
1	42
50	29350
26	15262
112	120848
95	25610
0	0
152	119168
36	39924
0	0
115	21505
71	72352
23	23759
41	44649
119	53074
160	69600
123	134120
0	0
122	28548
0	0
263	129024
149	114594
64	51136
46	36754
33	6831
175	69825
84	36147
0	0
299	170772
0	0
58	33640
167	163884
164	159293
172	78088
0	0
116	68721
135	26055
0	0
100	96000
246	139172
131	128118
148	149628
78	37128
93	31341
84	28013
36	15516
1	42
180	51840
170	92820
176	152592
139	56484
128	30080
0	0
31	13175
1	42
145	30305
179	32972
11	6567
164	97908
28	25648
303	267909
112	82584
0	0
71	27832
157	110371
0	0
127	126746
38	39040
1	42
77	73304
40	43200
0	0
177	35577
139	93330
163	178322
0	0
152	146832
43	28812
139	43368
44	46396
237	235998
0	0
102	96390
143	37598
194	155498
43	16128
35	4830
170	131920
0	0
170	89420
0	0
117	84123
70	68356
0	0
91	92456
0	0
179	174883
172	98040
144	64392
127	30353
130	85956
59	42303
0	0
98	86240
178	64293
164	64452
0	0
86	47128
161	139242
0	0
75	44625
246	127771
0	0
66	43956
47	18001
159	44520
39	23412
78	71960
0	0
69	38778
0	0
102	104550
76	45296
0	0
306	263868
6	2452
141	83472
152	136192
0	0
156	30420
87	40020
1	42
78	62790
15	11956
19	16169
90	78930
78	47346
84	13820
77	12782
34	27812
247	168035
1	42
86	63984
111	82762
94	42488
0	0
140	86100
62	15252
106	25872
39	13338
0	0
61	15677
150	106200
163	102364
1	42
164	68388
1	42
110	68860
0	0
163	174084
37	7733
97	27839
1	42
138	92322
52	30030
44	26972
0	0
64	13504
1	42
62	12400
98	62818
41	32062
0	0
159	118296
2	84
135	113265
0	0
170	23120
0	0
50	47500
101	59942
215	114027
95	53580
153	81998
1	42
133	46683
120	126420
120	113280
235	82010
0	0
118	73042
0	0
142	67638
119	68600
180	174200
30	30376
156	121056
57	57969
177	156468
1	42
95	76665
0	0
167	157648
37	19314
54	10314
16	9520
123	82902
90	62640
32	10784
160	91976
0	0
130	121680
2	84
73	40953
150	48225
105	29190
91	21112
82	88642
0	0
70	31080
2	84
155	162864
196	121992
0	0
213	98367
159	91584
0	0
111	116217
149	78288
52	24596
167	47094
0	0
113	93338
59	44958
147	59976
2	84
82	48626
0	0
179	193678
0	0
177	55932
226	198372
2	84
33	33726
108	43308
167	100317
58	46748
78	31278
0	0
43	24811
74	31260
109	117502
107	97296
74	62234
60	26160
34	19142
47	50243
111	61778
135	76815
80	82480
75	58425
0	0
174	180960
106	84777
1	42
56	61768
90	56790
0	0
170	133790
59	31034
1	42
49	9653
107	80496
50	26700
220	63554
0	0
121	122694
9	3780
157	65562
43	42656
82	80394
55	37895
150	94650
0	0
128	131072
0	0
79	87690
71	39382
31	11532
1	383
38	13794
67	63382
31	32860
128	139136
100	33108
34	34102
1	42
236	193760
167	90347
0	0
109	110308
53	38054
0	0
101	105040
159	40016
159	172515
0	0
148	43660
1	42
157	77593
21	6447
73	26134
146	24364
0	0
83	17845
1	42
126	136332
76	48108
50	31650
79	53088
1	42
86	58480
1	42
140	43260
0	0
119	21896
0	0
111	95349
144	82512
34	18420
114	33060
44	22880
303	165849
61	57340
0	0
194	93542
68	56657
79	40134
133	28196
105	68670
169	67600
1	42
92	102212
147	86877
1	42
45	49005
0	0
171	62991
68	38433
73	60736
166	139938
161	175882
91	13195
0	0
169	152607
121	59922
0	0
44	13596
1	42
143	47897
145	27546
46	40756
133	35034
75	22800
0	0
128	41216
2	84
161	142646
131	36156
0	0
109	73466
0	0
52	28184
107	114849
0	0
141	67074
19	5206
155	27125
66	48207
139	106695
1	42
49	36554
51	52530
154	153454
1	42
273	155461
0	0
84	28308
114	14958
113	118650
61	54229
16	14224
252	102732
53	16266
66	70224
93	97930
68	63716
0	0
66	23232
40	10120
0	0
274	212746
1	42
152	47424
67	31392
0	0
64	46080
83	20833
0	0
117	23751
158	128138
118	65044
32	17920
71	15762
0	0
60	45060
96	94848
75	74100
49	10143
80	25559
166	122967
100	70100
39	18135
141	119004
14	11816
34	24378
0	0
109	38477
46	11832
0	0
147	107163
1	42
110	47010
24	23184
67	65593
55	41082
0	0
170	128860
57	63156
150	92250
178	46416
186	106699
223	50206
160	36160
103	106126
0	0
124	55428
0	0
67	26599
55	32334
54	32319
0	0
131	112267
0	0
163	29503
0	0
32	21088
132	95244
44	43472
145	143840
0	0
107	17334
167	68303
49	30858
146	49197
0	0
40	13640
0	0
50	39350
162	66374
34	8262
1	42
179	160552
0	0
99	49401
75	72414
44	43032
52	13520
131	126662
0	0
60	33480
1	42
147	49098
112	17808
161	124042
91	32942
1	42
75	47850
172	162196
0	0
147	158907
107	65126
156	28562
109	38041
0	0
140	29680
180	186300
65	50895
102	62584
0	0
115	44160
97	34726
152	131024
174	147378
158	147622
1	42
127	128905
81	71199
0	0
182	165992
185	87818
101	65866
38	19874
160	75520
96	45984
58	13224
56	9184
1	42
186	133982
100	102507
55	48455
166	136950
0	0
267	230310
1	42
51	24888
1	42
117	28431
0	0
133	120631
52	32886
182	68284
51	15942
47	47235
0	0
144	146448
120	91672
0	0
126	69300
1	42
139	67971
62	52452
174	149988
74	57274
100	20100
83	26200
31	20584
0	0
150	96900
115	31625
1	42
52	28548
1	42
35	26285
0	0
173	101551
252	199730
149	160622
176	187817
86	49708
49	39102
96	55200
73	34748
34	25716
1	42
104	108264
101	92314
61	43066
0	0
96	66720
112	52752
119	27182
0	0
57	19836
49	33978
63	44541
79	16274
68	53040
93	71802
16	10016
206	99202
0	0
117	23049
119	73661
173	41948
1	42
101	51005
86	87376
197	104212
59	45784
93	72168
184	54219
180	68607
155	134230
53	35610
0	0
85	92395
178	96476
145	133098
0	0
39	32799
69	16008
111	25752
78	51714
166	152977
1	42
66	31746
0	0
139	57824
105	66570
111	66711
104	83720
47	42408
0	0
69	46713
40	18333
0	0
154	71470
1	42
39	39702
117	92547
96	92928
0	0
43	41796
59	46197
112	36934
0	0
52	32292
46	33488
53	17254
157	41448
55	9114
76	77824
0	0
97	65960
110	48111
92	42228
272	225744
59	36462
0	0
204	154296
101	99442
63	45054
115	104650
0	0
144	127192
151	59142
0	0
56	8904
1	42
170	185130
100	99240
147	65268
43	25671
43	21199
31	14381
35	36785
134	127166
0	0
265	242070
1	42
95	49047
78	20216
180	149400
52	41652
162	90202
0	0
94	103212
31	31602
74	60310
98	79097
155	59365
0	0
67	32227
143	76012
122	120800
123	105042
179	150897
76	73112
2	84
67	24924
117	27261
38	8854
127	125857
22	20853
38	19152
1	42
35	20895
175	117950
56	57064
51	44792
112	70112
0	0
95	20615
1	42
168	69216
1	42
56	28000
59	10443
0	0
281	256717
1	42
36	23112
69	64778
230	159472
0	0
62	43276
90	67682
0	0
61	53314
50	49385
145	78735
178	23140
149	145424
54	11543
1	42
153	75276
0	0
141	112941
105	92715
60	63180
32	25524
0	0
90	32992
96	73152
101	16362
135	80844
48	50064
1	42
133	83657
168	31752
54	9953
120	101760
0	0
148	41736
108	88210
66	23767
168	98082
0	0
55	14190
196	133420
57	8162
140	30800
1	42
180	173880
0	0
46	36340
155	60605
0	0
40	40840
40	37287
0	0
336	117474
19	3138
60	34140
102	57120
80	69280
110	42020
162	167994
38	17802
45	28125
0	0
211	160498
1	42
62	18414
155	48515
0	0
63	53172
109	39030
116	61596
54	21438
158	175064
1	42
144	137808
36	5400
0	0
142	63900
1	42
168	65520
134	148606
0	0
75	76650
190	109349
133	61446
0	0
127	76200
59	28056
59	51861
148	107596
0	0
174	178176
1	42
77	21021
57	20121
40	11840
1	42
128	101376
54	22248
117	97344
0	0
45	39906
92	83168
104	69056
171	83790
1	42
265	170128
28	17920
68	21012
0	0
44	24464
93	27826
0	0
130	44720
57	24682
0	0
39	15990
158	141726
55	36762
72	77929
151	69158
45	13185
111	32523
86	77744
152	97202
0	0
62	49724
0	0
180	158040
56	27664
3	1030
141	120273
99	75796
0	0
148	158212
34	26996
53	30566
230	106555
62	13329
0	0
168	170856
0	0
85	77350
1	42
110	19690
176	56917
80	12160
37	31524
31	25002
172	28552
45	30420
1	42
337	186498
1	42
176	69461
0	0
177	166557
177	69210
0	0
56	8624
1	42
63	29106
77	74767
40	19240
1	42
101	17978
92	13783
0	0
117	36972
69	26703
45	7560
1	42
86	14620
52	47684
0	0
88	41800
0	0
41	36159
184	182566
161	56672
6	4308
101	73068
102	78336
162	124334
175	95550
0	0
111	121212
140	140700
104	61284
123	29397
0	0
118	73278
41	44936
119	123588
111	101010
0	0
94	81404
228	106848
149	124698
37	18078
163	39033
0	0
171	144837
39	36816
166	109228
85	53382
0	0
107	79073
1	42
55	55385
113	83507
98	71240
170	186490
0	0
93	85188
161	174363
0	0
168	109368
46	44412
1	42
179	113340
0	0
35	28980
160	78111
149	161963
147	116130
163	166912
0	0
177	184965
38	16872
97	96129
0	0
57	41268
66	67122
0	0
109	53301
117	55341
103	60120
75	43628
161	87906
0	0
133	60249
66	22044
0	0
89	67996
44	12426
170	68487
137	103709
0	0
103	17098
68	41412
166	141266
1	42
90	54699
161	98867
143	44187
178	131008
48	18960
30	26820
202	123141
145	138185
1	42
160	65280
155	116405
0	0
93	87234
0	0
115	93358
127	23982
1	42
170	66470
67	47503
37	26233
139	128853
74	31968
1	42
64	9984
151	35442
137	150289
177	43719
48	45456
0	0
110	117920
1	42
103	91361
1	42
169	143080
0	0
113	112322
171	179892
0	0
121	60137
126	75542
44	27060
176	134967
159	174582
0	0
131	57771
0	0
94	90804
99	89124
75	68925
36	33084
99	80883
125	65018
0	0
63	47880
282	243038
86	84872
0	0
70	35910
117	114543
83	15770
1	42
99	28809
1	42
133	99218
0	0
172	170968
0	0
30	16980
142	113600
58	38280
116	47280
168	62664
330	180450
0	0
57	8436
0	0
50	24952
53	18450
160	51520
24	7655
69	22839
109	81805
271	174820
0	0
72	42408
1	42
126	31374
29	17632
118	71178
32	13088
0	0
165	60225
137	89394
38	26752
0	0
123	121278
119	15946
0	0
159	170289
177	154570
43	28853
1	42
241	165122
1	42
86	49278
0	0
93	38316
74	47434
1	42
125	81457
159	98245
0	0
108	16308
114	46033
58	57362
84	80724
95	91295
56	53088
2	84
168	147336
105	32340
150	55161
176	164032
44	8040
149	146169
45	8100
0	0
53	16430
242	133394
0	0
78	48828
209	131174
0	0
0	0
202	92058
66	25522
38	32718
227	199992
121	64493
57	21945
1	42
57	16188
39	35139
0	0
172	27474
1	42
114	112062
1	42
113	101361
176	43296
23	12648
21	12033
97	79055
0	0
30	11940
47	43099
1	42
31	4619
116	77488
1	42
34	9146
42	17934
1	42
174	43500
0	0
273	184626
120	50323
35	7735
79	44029
0	0
38	40242
56	58744
64	45444
58	21692
47	17246
32	12704
0	0
57	12996
60	12137
62	12710
121	38841
114	117449
0	0
125	87062
68	59228
62	37882
94	56865
143	84277
144	30358
60	35280
149	30396
0	0
106	30846
66	43527
93	62217
214	87686
148	145278
0	0
53	31323
1	42
147	50568
0	0
136	81736
79	87453
145	90045
82	35089
1	42
32	24448
62	16368
163	66667
0	0
104	93912
52	28398
64	43264
132	76824
128	122089
0	0
112	115024
1	42
125	44172
1	42
116	108576
220	65823
50	47950
130	42380
1	42
87	27666
116	83877
94	25568
0	0
183	192209
1	42
51	30651
162	55909
161	105294
122	83814
253	118508
33	9226
74	29230
0	0
166	83332
31	21972
88	63639
126	41706
74	20720
141	79806
1	42
147	136563
77	69126
65	66625
0	0
130	89648
116	122747
54	35046
267	234595
68	20332
0	0
73	77453
1	42
156	172380
1	42
140	86910
147	114658
47	23782
74	69486
215	140383
143	42900
1	42
98	71736
0	0
175	139300
123	34690
1	42
138	113850
0	0
125	100506
166	140341
37	30229
71	29039
0	0
162	105138
118	57372
1	42
164	79048
111	108225
165	160050
93	84630
34	20073
149	117258
17	13464
350	92370
34	31858
1	42
139	107025
0	0
74	37074
148	136899
174	49764
1	42
158	163846
0	0
72	71856
