66	11682
50	27874
86	18920
101	47742
67	14874
53	26871
58	13514
1	42
62	35402
100	37200
89	32602
95	87210
69	10833
1	42
55	50545
21	7329
27	25488
63	10395
1	42
77	83006
1	42
70	53235
45	47925
80	50512
27	21087
21	11949
50	19750
31	27054
41	38130
134	65359
90	43110
34	7412
23	10492
64	56384
26	22267
56	60816
63	23184
54	21006
67	49276
58	58522
71	15052
78	37596
40	34908
42	22974
32	6016
69	68178
98	91042
43	35217
94	24910
31	14415
22	17493
1	42
106	23568
132	23162
68	50728
79	39760
77	36759
42	29568
35	36610
50	14750
71	28755
54	43449
70	72170
47	7708
60	50310
100	107200
1	42
54	37692
90	36000
97	27548
42	21813
74	39243
39	25779
95	83695
30	9000
1	42
52	42640
1	42
27	9126
54	53730
85	50778
24	9840
32	8448
40	33240
38	27228
99	86526
147	118586
91	22659
68	71883
25	25175
37	38346
81	81729
1	42
27	27108
31	22971
89	50641
76	23590
81	70575
33	11946
78	59826
42	14700
35	11942
35	12495
57	20034
41	30012
32	29696
133	54859
58	38061
24	15336
55	28230
60	9840
118	53947
1	42
57	17271
79	55167
1	42
65	44135
1	42
26	9334
68	39304
34	31821
70	55790
96	62362
48	13296
53	35506
38	27056
49	52266
73	59422
88	66264
1	42
87	82041
23	16674
63	39942
89	92794
92	92828
55	23856
28	9100
24	13584
1	42
39	42159
92	30436
22	12650
98	29400
1	42
92	71116
80	86310
26	17186
4	3396
72	66033
76	72792
12	12024
25	25050
31	13237
80	36080
1	42
90	84120
76	58748
1	42
38	39596
83	28884
68	49488
42	29306
26	5174
20	8880
44	18145
54	16092
42	43707
32	6304
85	49194
26	11882
48	9207
52	13936
67	70860
39	17394
90	60930
63	51786
1	42
58	9976
44	12684
63	22428
45	28485
88	57464
58	14384
98	52116
58	13108
20	13520
41	21156
57	23170
57	51186
88	90783
78	19578
76	27588
88	34056
178	118308
66	10032
27	20764
50	44550
113	80334
82	34467
74	47804
51	32232
48	44208
1	42
93	49104
31	6342
33	29535
118	67988
81	79704
69	38054
77	55066
95	14345
31	15035
28	5847
26	21684
95	23370
1	42
93	50964
84	84204
36	6768
87	38889
42	6300
1	42
79	60277
39	20866
92	18492
92	73140
1	42
58	55854
64	38144
110	90276
92	17724
60	21540
152	108141
55	39820
33	7161
1	42
58	45646
63	51471
18	13931
100	87800
51	43692
36	15552
117	40998
94	66270
1	42
56	38584
91	14532
38	26296
68	60248
60	45300
53	41870
63	18585
34	33999
1	42
51	22695
54	51570
88	25028
83	60175
101	44042
89	57494
47	26952
53	35934
1	42
88	72688
64	28160
91	72891
58	25172
2	84
60	13564
171	51039
20	3780
26	4914
36	11196
82	89142
100	96800
49	6860
18	12775
42	31458
94	75294
29	9142
24	7800
32	14368
29	24650
29	24650
52	33436
2	84
96	31392
25	17175
61	66429
63	23230
40	8600
1	42
44	28248
37	23754
83	68143
49	32355
68	70856
10	10420
134	60824
1	42
50	40250
1	42
53	54643
47	27871
50	38200
76	17142
95	51965
89	31862
25	3950
89	78362
1	42
89	95319
54	15498
52	42848
36	4824
56	23296
135	24844
32	29616
23	20263
44	46068
78	63960
79	19276
65	10474
69	42780
73	60908
68	69789
74	52392
118	124146
75	47846
66	61842
22	22000
53	29892
87	12180
2	1896
151	155514
10	3690
59	21444
91	70599
22	13838
63	68292
33	12078
1	42
80	34480
38	8702
89	61855
82	56744
1	42
61	30988
1	42
96	93216
91	82537
33	6006
73	55772
1	42
142	86854
1	42
24	15768
40	32520
50	40650
34	32912
66	27602
126	78698
45	27540
32	19014
76	23636
75	43125
94	57516
25	26425
31	14911
88	74888
82	82574
64	40110
52	14768
26	12667
58	53708
20	21600
61	65148
1	42
43	10062
34	21590
24	8280
94	45891
100	62000
57	33250
78	54600
20	12380
66	63162
70	44940
2	84
82	40426
25	15725
81	46170
97	82935
98	103194
48	39005
53	41234
35	18504
9	6165
75	51375
35	13230
17	15082
22	20680
37	27306
123	83719
100	38758
90	95272
33	19470
59	44122
93	79608
47	46154
1	42
89	41118
54	16470
31	9765
77	77308
96	40512
75	33372
34	30260
55	59070
30	8771
45	37395
89	27768
31	13764
2	84
96	105792
56	56784
44	44616
61	19032
36	6696
99	32382
86	36636
28	30632
35	31934
1	42
58	45936
42	38178
69	20424
55	53900
51	15542
80	38560
1	42
56	17416
61	53863
66	19087
59	46374
77	36575
24	3432
70	22890
88	69990
1	42
30	17070
97	65184
99	17820
37	25234
33	12672
68	27132
1	42
113	94562
71	41062
90	60270
39	33345
71	59072
72	35424
1	42
122	90468
36	32522
58	40716
78	32838
94	23406
88	79948
53	29159
56	48440
65	14495
90	28789
49	31409
23	23345
35	11095
47	16215
85	27965
154	49172
88	54243
44	37488
1	42
82	23780
25	19225
28	10220
29	9396
81	46682
84	27552
1	42
52	19864
110	55905
35	23065
45	33660
64	62349
55	43395
59	40061
100	47859
99	98307
36	30708
85	73440
69	58236
98	87924
38	7182
28	6657
54	47736
57	9234
55	29425
1	42
66	70092
1	42
25	23975
24	18816
34	24786
103	67932
44	9459
13	6708
34	17070
18	10908
79	47874
67	74638
1	42
28	28168
58	50576
23	23758
81	17901
66	11484
66	20972
1	42
33	33000
37	25530
94	65480
88	84568
54	51876
46	24012
19	9438
89	58117
43	8213
135	42694
1	42
32	23744
1	42
170	137736
62	42346
20	13019
96	44064
51	45696
37	23982
74	59126
69	12489
76	64828
130	71565
89	23140
57	12172
97	55775
99	87813
59	44545
25	8125
50	11067
1	42
65	22750
44	44792
91	26026
89	39071
58	54868
77	64794
95	23180
130	44934
68	24820
68	56236
80	45040
88	70576
31	16722
63	43722
15	15120
18	19386
50	48300
66	17094
49	34986
23	8358
107	49536
25	10625
67	11591
58	14577
97	65184
31	4632
42	14490
39	28236
41	35014
81	26842
77	37730
28	21777
49	32778
62	65968
118	48781
90	66400
28	18396
94	57888
157	126751
1	42
88	51920
76	60468
95	32284
72	55800
60	29280
52	27248
50	20100
46	11454
25	21426
1	42
26	22048
124	124782
60	43260
93	66123
1	42
21	7035
24	21593
98	88004
73	22119
73	48837
81	50682
72	27432
30	32640
75	65458
73	70372
56	14067
23	21482
81	22032
68	9248
28	19852
98	45668
57	33964
90	49230
96	93901
89	13617
1	42
88	11616
51	40443
19	8360
32	13682
59	13894
77	24332
88	54384
100	46600
52	35360
1	42
70	25480
47	47652
76	78736
42	23382
44	35948
85	65025
69	11738
67	58692
74	25300
144	116709
11	11341
83	32702
60	31666
1	536
97	55775
25	6300
20	12300
1	42
49	23422
1	42
47	14993
66	49434
40	7840
80	64400
48	11664
82	87198
61	46542
44	23012
90	12780
119	50259
82	59415
54	29808
54	49626
67	40267
1	42
74	36926
39	17788
98	24696
29	22794
122	115693
85	24738
1	42
49	32144
81	55728
53	9964
100	43800
63	53928
114	117528
2	84
47	26085
54	39582
23	12696
79	21883
86	55453
111	40650
91	101283
50	25000
38	18886
60	47183
72	15264
1	42
59	55460
37	31672
64	53970
20	21420
36	15984
34	29577
46	8878
92	51821
83	42662
23	14191
69	60789
1	42
75	33675
31	9072
95	75240
100	103400
84	29652
2	84
30	15510
137	68385
80	53280
99	73656
1	42
40	36120
141	64982
96	103776
70	24360
23	7698
35	7525
39	10413
120	123270
60	60660
41	14186
55	49236
166	158388
32	34784
1	42
54	48978
89	25988
46	19662
40	6880
81	31671
37	26142
23	10557
67	28475
62	63364
1	42
25	7550
3	516
31	5202
51	22095
80	63440
78	21936
29	9483
54	52272
1	42
90	98280
69	29877
51	16092
21	18228
95	36195
177	125403
1	42
78	81276
57	40641
50	24346
91	24206
93	32829
32	5280
1	42
65	28275
61	11622
65	24895
95	23275
28	24920
96	58368
87	45588
51	19482
37	35250
101	63742
21	9996
71	54315
71	34080
56	37408
25	24600
2	84
46	43102
71	19383
42	40030
44	26840
53	24898
71	57794
21	16322
36	16200
73	25404
141	89195
32	14829
74	47878
83	63661
1	42
92	52716
37	12462
86	86860
14	14140
25	18000
86	73960
89	93850
1	42
132	70710
121	45571
75	54825
2	84
90	33390
87	31233
100	43100
43	13029
2	84
57	31806
65	49725
24	9552
109	52732
171	43875
2	84
31	6200
47	27777
99	50688
97	72522
1	42
95	76570
48	22032
25	24858
40	10560
1	42
66	67320
32	14464
76	15276
89	96298
61	40626
2	84
20	20340
23	9729
100	67700
29	15660
36	21996
92	90132
1	42
71	41748
66	22176
40	16800
32	28832
63	50696
37	37185
150	93356
30	23851
53	37683
82	26650
101	37342
72	47880
81	13608
28	16128
128	113580
1	42
68	19108
1	42
33	9834
65	14430
73	17739
43	24983
1	42
86	82990
81	66842
78	34866
41	43911
87	48981
84	68880
2	84
39	36582
55	45925
17	14195
28	15932
21	4074
1	42
59	52510
47	38590
89	80723
53	52470
37	18907
30	21900
47	33622
84	33096
95	30498
41	26281
85	50015
53	35775
71	13064
1	42
88	76208
53	23182
65	35425
65	27495
46	17043
39	17238
79	15010
60	59219
41	9266
1	42
46	43010
34	33184
73	43581
99	88407
76	62292
1	42
86	75250
151	145322
90	90810
46	34998
25	12550
62	13640
1	42
22	5104
44	23232
89	20114
1	42
89	16198
151	48403
1	42
63	44478
84	57288
98	68012
87	40720
97	31719
66	67848
54	46152
44	22528
87	46980
1	42
98	60858
56	42368
108	55483
31	7452
72	65304
81	59049
57	19437
95	87039
87	68697
17	13617
30	5400
93	66466
83	91134
90	22648
60	55380
1	42
27	28026
26	5902
55	30690
2	84
86	45924
38	15618
62	50840
57	50134
67	52729
26	25506
49	49392
25	21198
85	90440
94	20316
98	42532
84	64782
22	10384
81	69498
45	18566
92	70567
64	39616
12	7428
43	45451
55	9060
101	29842
47	8883
29	7859
74	46916
75	52936
41	26855
58	52896
100	107100
101	72453
70	77560
32	6368
100	95200
20	11260
26	3467
68	45066
26	22698
63	22491
86	86172
1	42
51	19788
30	22110
48	44576
68	13978
27	12285
23	18654
33	27918
74	17612
52	19552
79	13825
1	42
82	56088
92	53732
44	28512
57	21945
87	81176
22	4356
40	34440
1	42
22	13816
1	42
62	53506
25	11575
69	25461
44	32076
84	70768
49	31703
81	16362
63	61047
32	34111
82	33948
29	32074
45	35330
78	17784
1	42
117	98587
41	25666
58	19140
70	21630
50	13600
1	42
66	30030
1	42
147	79797
88	19624
1	42
77	56456
26	28938
60	60420
2	84
85	57035
77	78386
57	37107
95	45376
65	47338
22	18150
89	71734
57	33801
1	42
96	38400
24	9127
1	319
160	114640
33	22836
8	8048
107	96220
156	73047
1	42
86	23908
48	20112
48	6288
97	58410
31	29636
62	18352
91	16744
60	51360
2	84
45	43245
71	43296
106	91369
54	15552
37	22542
82	55514
91	47076
45	9675
37	26085
38	10291
87	35844
50	32550
68	17544
101	22142
71	54883
37	13690
74	31797
158	39555
68	25636
72	46618
80	62400
67	15745
78	50273
1	42
146	106824
1	42
58	45646
49	29253
46	19228
94	39950
80	73014
147	66969
80	53200
36	15624
40	36320
85	24500
1	42
92	99268
1	42
70	29750
58	46980
32	17536
38	33060
41	37882
68	59092
62	54238
53	20454
94	100110
21	18291
70	61111
35	33880
60	42240
77	51744
62	12090
27	23193
90	47210
21	9093
27	23490
27	28053
131	76981
34	9146
64	62716
29	27986
65	42445
1	42
54	17712
95	101844
96	102912
83	19339
1	42
30	15720
76	61028
1	42
69	30567
1	42
21	18879
52	15340
37	6031
61	17742
1	42
72	61344
80	83840
1	42
33	12705
48	6720
32	4512
81	54522
1	42
35	16240
63	43218
32	13408
73	60306
61	46055
63	29484
95	72865
55	42864
1	42
72	79560
74	77922
98	35447
44	34144
42	9744
91	43103
46	28420
56	50288
78	45396
87	32206
40	8560
45	17190
15	5479
40	22046
31	24924
47	47141
51	31722
51	35547
47	15130
58	36382
34	33116
43	41882
37	6364
24	16728
71	46152
89	19758
1	42
74	52096
27	13743
70	54320
48	51037
30	8940
93	72814
137	55364
1	42
56	7392
26	15418
63	17154
97	72944
28	6328
21	19824
99	83734
26	24518
69	45534
78	38220
1	42
54	47844
70	40110
47	8368
22	17248
79	29546
1	42
49	52577
31	22072
96	85447
62	57784
62	27156
100	45384
154	86416
64	64131
34	27540
1	42
64	64640
31	30070
1	42
43	29498
48	24247
84	32172
86	89182
77	83409
96	80544
31	32054
77	69518
52	13707
42	10542
42	6174
25	19850
16	11952
36	26136
1	42
50	45750
52	19136
42	20009
20	15280
58	55731
82	82164
40	15603
48	48048
63	33398
1	42
73	66941
33	24816
77	22792
2	84
82	39278
65	11700
26	5798
95	16055
72	34619
62	44511
75	12900
34	22678
51	16892
21	15729
74	70670
94	24873
65	31330
38	29605
28	9856
41	36285
77	29409
30	10500
56	30856
95	67355
120	85419
79	80896
36	20867
57	47367
84	56399
95	19570
41	32103
50	15800
181	139447
71	18176
92	36708
95	81258
84	81144
48	8267
95	26315
86	18318
73	44676
41	10742
82	63878
80	79120
67	37394
77	57981
65	39227
88	81752
55	57145
51	41004
32	18828
1	42
69	65712
29	31784
40	36400
31	7688
72	48528
82	55933
20	19300
87	76473
98	43595
92	62376
71	22365
46	25557
27	21087
54	50652
21	17157
75	73746
60	41646
97	22601
21	20538
36	25308
40	13040
65	66922
22	21987
76	64220
47	11938
74	59570
82	29192
52	38547
72	78984
20	13600
66	67848
1	42
41	7913
78	21602
56	61320
51	28356
63	62874
90	75959
63	58423
1	42
47	45637
32	20192
97	56066
45	36180
73	45690
73	44092
64	24768
1	42
86	47214
65	22555
91	16562
20	10587
78	39270
28	15624
28	21896
14	10208
63	18837
1	42
23	4692
51	11271
58	22852
76	35188
78	36972
1	42
21	2772
54	18433
48	33456
22	21318
90	94320
1	42
64	30400
71	48919
95	16150
118	128324
93	77678
85	33745
76	75192
31	6820
38	28088
39	26208
33	21153
21	11322
27	19251
178	193770
93	78120
35	11568
53	8586
93	30034
82	34522
1	42
65	48956
77	81158
87	82516
45	47835
138	95475
1	42
91	30212
38	35562
79	50718
72	44136
36	19432
46	16512
56	54824
47	43381
97	44490
1	42
51	47481
32	11776
71	46079
1	42
97	68191
66	30657
21	8715
51	54162
3	879
99	28505
46	39422
62	68200
20	18700
43	38419
78	56238
21	11424
34	16966
25	9150
26	9516
55	53845
71	25102
39	31512
138	106527
31	26939
45	22635
1	42
42	16128
39	39429
58	58638
79	82318
54	24475
48	20640
1	42
84	61824
61	55571
45	8280
89	57992
66	35046
71	11331
44	29744
88	36108
33	32109
82	49446
1	42
93	57102
41	32882
43	18146
89	32841
43	31584
46	14168
53	52894
80	10880
68	39288
98	21462
79	62568
79	59171
67	30016
74	46397
90	24930
42	37844
37	7178
1	42
52	52832
99	31086
58	53012
37	24864
1	42
40	41880
1	42
27	23409
89	62923
81	31936
94	31584
6	2697
69	36150
9	1485
16	2640
37	18574
37	5402
1	42
106	56532
1	732
29	17110
49	23178
93	84165
1	42
28	11032
84	65604
33	33231
67	17928
91	63882
87	45880
87	24012
99	94446
38	36480
87	90084
59	40356
33	21930
22	22396
21	3108
62	9114
93	82770
2	84
129	44415
63	26271
81	59049
73	27156
21	8262
70	43098
39	31473
45	42255
95	63935
88	36168
64	41685
29	18038
58	62292
25	11250
24	15984
32	27104
81	85482
48	15600
44	37092
76	24624
1	42
28	14336
29	12354
73	43962
47	51982
91	93002
66	40260
54	56322
1	42
81	29160
81	78282
30	10110
46	26634
12	6336
75	39600
17	12937
9	6130
99	52965
27	12028
86	77486
39	24141
76	32604
183	144933
66	17202
20	15860
125	22830
39	6350
38	19038
59	49342
72	25704
59	60416
75	17025
1	42
98	16072
45	48825
21	11402
90	70110
63	59724
67	13400
1	42
71	58362
1	42
72	58392
89	72090
32	21312
79	70866
76	81396
65	44330
37	18942
26	23660
1	42
40	18720
55	14838
82	56836
1	42
62	21576
23	23824
24	15840
30	12193
57	46854
42	35015
87	55426
20	21480
1	42
65	58760
11	3922
73	28324
74	13912
57	26194
62	66588
1	42
38	35340
64	12831
20	15880
103	23864
41	39002
60	34144
92	99636
24	10024
1	42
118	60644
31	11129
1	42
37	18241
70	49222
69	38571
33	35402
39	39624
41	17282
52	22724
67	57858
54	33912
82	85608
48	40368
74	36038
56	24080
37	15910
27	27864
71	50372
84	85092
57	12698
79	68888
81	58563
91	16744
32	7424
79	35688
46	11202
67	14271
46	14536
97	81965
35	12180
53	14204
89	76074
42	36876
71	21371
94	68526
66	58152
71	69935
75	21798
59	20650
90	63720
85	22355
86	91927
1	42
46	31280
82	71914
33	32670
72	67752
89	46594
83	43666
27	16065
41	23288
54	15066
82	16810
94	64296
23	21668
36	34447
58	51504
24	16872
88	52448
113	117557
47	46134
116	93365
1	42
93	30411
82	60516
65	51754
52	51844
33	14922
63	17514
27	7506
53	27295
8	3647
72	54432
29	11571
64	50379
20	7520
60	12660
21	10382
62	42098
98	30086
1	42
21	9429
75	77100
57	52000
97	60528
86	55642
93	12094
107	85210
45	30578
44	8008
68	46852
141	83439
81	63242
83	79514
1	42
42	14994
88	56408
71	37346
1	42
58	34104
63	48526
88	47608
78	50388
79	72996
99	62649
58	49416
58	25404
53	26765
82	38294
22	17842
2	84
32	24896
79	60198
22	9240
2	840
76	26144
48	24816
3	601
84	79464
69	45471
85	48365
27	4914
90	31860
50	30750
53	25054
52	51144
49	49098
52	36296
41	15334
26	7774
35	14525
91	99132
1	42
41	28536
59	46787
46	24472
65	49790
1	42
29	25462
33	11418
35	30812
45	28755
22	11990
54	55296
1	42
55	31350
69	39123
1	42
33	5709
42	22050
85	24055
44	41752
46	17934
71	30246
71	19667
98	65323
59	15989
1	42
38	36290
26	17368
58	49010
56	53256
32	27168
2	84
88	12760
34	14790
38	29070
65	39455
59	42321
55	30030
97	56551
58	10962
80	72480
6	2160
33	17127
49	34104
79	85636
82	12956
2	84
36	29232
59	29795
73	56137
25	11975
1	42
52	53456
71	43862
74	58386
24	17736
1	42
97	39280
40	29565
89	44678
84	27515
57	28614
38	6110
48	7750
87	92046
64	20416
46	12282
1	42
74	50542
1	42
97	60334
98	75166
173	111066
1	42
34	12478
33	31614
84	53004
1	42
85	49725
86	82747
76	12084
96	19008
26	26676
142	95544
56	61208
77	50435
27	28694
94	93060
97	34794
1	42
92	64308
45	22185
92	68724
1	42
78	16848
63	28854
1	42
93	84444
87	21886
91	64155
60	59580
1	42
21	5124
77	63602
47	46353
52	28551
92	89976
9	5958
11	7282
99	13464
24	18373
113	55667
47	49350
62	28590
59	21908
19	2945
8	1240
52	43784
31	21049
1	42
59	47378
102	58400
35	5550
95	45862
41	20762
94	27636
36	37080
39	40170
77	83545
54	31259
68	21896
55	15378
46	44850
1	42
40	27040
85	23290
81	32805
110	62973
21	17142
48	8592
1	42
88	36696
40	14840
99	84616
52	32812
35	33845
40	19971
1	42
33	28842
39	42432
127	75843
86	90214
107	63894
1	42
25	19925
67	69479
24	6600
53	11236
68	28560
79	71309
60	22980
45	27045
127	84978
74	66452
7	2250
174	71626
26	16614
53	50439
69	37467
78	76518
48	22038
30	16470
1	42
82	58302
80	82800
76	56240
33	6506
26	8606
65	21515
53	57929
88	31912
19	2660
88	25168
58	14790
1	42
89	40317
84	48132
1	42
62	33852
40	9360
87	14529
2	334
158	123550
88	66075
87	90084
76	53504
47	27636
30	29640
90	41516
100	16400
69	35946
46	39698
52	18096
46	21022
44	43824
47	26978
67	62016
78	31689
94	30644
58	54462
26	15184
44	34716
25	8125
2	84
26	12324
55	56980
55	25245
60	23520
56	50288
56	9062
42	22974
1	42
66	42108
90	45090
93	26133
1	42
99	101178
27	6075
100	95280
5	5490
31	34038
67	45694
1	42
107	53706
83	60922
71	12993
1	42
55	10175
100	30200
1	42
84	64428
1	42
72	73152
36	5940
72	59824
84	16968
82	75696
67	33299
34	12988
22	21582
32	22145
94	68862
99	92664
46	47840
23	20424
2	84
50	43950
44	17600
33	36597
66	55060
36	12924
92	90344
157	165508
60	54180
96	59424
66	10692
2	84
27	26028
67	66732
28	13160
76	42042
2	84
72	21384
96	79428
2	84
99	24156
26	14872
45	37215
46	40542
1	42
20	22100
22	20988
52	47778
39	21606
123	101020
60	55860
131	84962
22	17682
1	42
33	7293
26	13234
69	22287
75	54900
62	40164
35	33355
95	58615
33	18843
61	43302
97	85651
95	86240
87	18618
88	35886
23	13271
90	94950
1	42
149	86896
49	24426
72	18642
28	3976
95	92720
82	68716
77	33634
1	42
97	24250
47	18189
66	34716
2	84
155	73190
69	50715
33	9174
81	77402
87	33669
26	27017
62	12400
99	68440
96	18947
99	101079
163	98320
66	32022
70	67900
1	42
31	7719
20	13920
85	80495
36	24297
51	17850
33	23946
69	15732
52	48204
100	57000
94	58353
20	18800
1	42
49	44639
26	25844
28	9940
1	42
147	113169
22	21868
93	31992
48	32002
40	7335
139	78226
48	8784
61	59414
66	36632
139	89650
8	7360
39	35002
100	32244
36	10260
78	77454
1	42
89	88644
55	29920
60	47760
28	12964
100	69338
47	45731
22	14190
85	25415
27	26379
59	63320
51	27744
89	19402
86	83592
1	42
52	7540
1	42
54	20142
35	13195
61	19154
26	15912
98	47628
29	4494
56	23472
15	6390
93	54498
89	51935
1	42
99	79893
100	25400
75	59550
22	16676
2	84
166	126032
82	67364
71	50268
94	15792
41	16522
76	33516
56	14000
93	17522
89	80189
65	55850
53	30157
20	14260
74	58682
95	102315
95	16917
56	14280
85	74120
27	4158
1	42
46	25392
55	29975
76	81320
1	42
21	14658
19	7836
134	66824
93	89838
0	0
42	17262
1	42
93	14601
59	38844
34	22746
53	12137
21	4809
51	17340
53	18450
44	11176
77	56595
63	17766
54	13027
29	12470
33	35306
21	9765
81	23166
38	10640
90	82620
174	107911
16	11397
72	25632
123	47190
46	44850
71	28755
37	5032
79	18407
2	84
85	38250
57	58938
65	43355
65	61815
79	68098
75	73875
1	42
52	13052
1	42
53	40439
64	46464
84	40824
139	119221
1	42
84	87192
47	18095
32	23488
30	7205
27	14877
79	26796
94	104152
139	35741
86	85226
24	16272
77	28284
83	88893
91	89908
56	15848
75	18028
101	64077
77	81851
1	42
130	68110
110	87670
48	51360
35	30730
2	84
48	39120
81	18387
89	68085
32	9900
1	42
79	18170
131	67240
1	42
32	13952
159	111858
1	42
56	21952
1	42
55	49335
82	64032
69	57063
2	84
77	37037
121	69673
73	26363
28	16458
1	42
40	20000
98	52508
36	34307
22	17446
96	95232
61	53497
32	27043
27	16794
41	10442
32	18336
25	13100
32	20128
37	8610
79	21492
89	72357
67	40669
84	82129
146	83236
65	36842
103	57534
83	52705
33	28281
35	30170
41	35722
76	36267
95	91115
114	89676
99	38313
10	3490
13	4537
15	6360
49	14610
18	3153
31	25854
25	18400
104	62299
88	29656
22	17864
48	37501
84	63336
95	44786
80	19760
33	23067
98	33124
76	75772
77	12430
14	2282
45	20295
91	34156
63	26460
28	11976
48	53280
1	42
35	33075
22	10406
32	14112
24	26568
45	23167
1	42
40	16760
1	42
42	18522
81	28188
93	27435
20	11000
40	34400
54	17388
60	38016
62	19530
60	52740
58	19198
81	43416
99	51579
63	17388
1	42
98	99372
1	42
66	23034
115	83644
82	80032
66	41778
2	84
80	39520
66	73524
71	52398
166	99631
82	68568
83	42579
1	42
77	27027
9	1467
80	23433
81	57642
55	43450
45	17280
74	73778
72	12680
39	21099
1	42
40	40640
83	71961
1	42
20	4940
53	18921
31	10212
42	14238
31	27435
26	22022
52	15852
42	8652
68	11356
46	32982
76	42712
2	84
78	55146
51	7293
20	4340
29	12093
60	8760
88	12135
61	46782
56	38920
22	4268
46	10212
79	10665
74	72890
79	36735
33	13972
84	36036
44	27984
73	39712
76	13224
31	22475
53	52576
21	7896
73	69666
29	24157
24	6643
80	11360
58	10846
33	28512
65	37895
50	44828
20	15620
23	25415
21	13860
169	89810
137	58405
58	28652
1	42
42	25536
97	25802
46	20148
38	7866
97	58986
77	27092
33	11418
1	42
43	30745
25	7900
50	15350
65	35507
34	36890
89	91670
1	42
44	37356
1	42
93	71313
55	55935
26	6396
38	23940
96	83440
2	84
43	23091
70	15540
96	90048
75	15600
1	42
31	29729
38	12084
99	107744
25	22775
67	13044
81	19845
20	14480
82	41246
49	30282
92	28343
1	42
78	31200
79	65807
50	47950
82	26650
1	42
94	28764
93	78492
99	78050
56	23744
1	42
143	132313
45	42930
120	41040
87	11832
37	11418
67	50400
99	49599
34	14314
44	19096
44	35904
56	21056
80	39040
1	42
71	49532
55	38115
5	1670
23	7682
66	52734
50	41400
1	42
52	45552
45	27806
50	20700
94	21996
57	40755
21	19593
38	22764
37	5550
56	24752
55	51260
24	11808
35	32515
39	17902
40	43840
1	42
26	5876
52	53820
93	100812
93	101426
39	26091
82	21102
47	31537
19	12749
65	58435
41	20082
142	102904
57	62314
71	26126
77	72534
67	24723
1	42
50	37300
34	14450
42	31248
48	39099
24	16872
81	81402
84	33264
45	36585
89	85707
26	10767
37	5190
34	17000
85	83555
100	42000
24	14856
2	84
36	22932
56	29120
66	62898
46	7222
58	36192
37	32118
50	50120
79	14062
99	54549
34	32184
31	26722
41	33620
64	22464
41	19194
29	29174
105	73666
1	42
135	124299
25	16875
99	87615
2	84
84	44268
36	20520
32	23616
101	48585
4	2679
46	8740
58	14558
1	42
61	50813
81	15082
51	36159
45	45045
20	4460
1	42
125	81100
51	40142
47	42817
27	5606
76	33972
85	38335
33	21483
53	52614
38	11020
100	34800
68	9860
41	41697
1	42
143	95848
99	61776
1	42
63	67977
92	79212
99	88011
43	13459
84	66360
94	17433
1	42
50	29750
51	56763
88	75712
1	42
53	8215
46	37812
65	61354
30	14640
1	42
67	39597
20	2640
25	24750
98	64680
79	17592
55	45320
32	18549
57	40983
1	42
54	57834
67	8777
94	22184
120	82890
30	26640
76	45192
65	55380
1	42
73	14965
48	17664
30	10714
36	8244
56	35448
59	33217
22	15664
62	18586
49	18522
62	57077
53	35245
97	47530
38	7257
71	63616
28	25592
63	40887
40	35040
45	34890
99	67518
98	38551
28	27748
86	87118
64	25557
65	47515
8	5848
46	20286
26	15626
52	25688
30	23828
141	50232
75	25350
1	42
112	23714
21	22050
41	10496
80	31362
23	8970
44	32384
58	18624
49	35427
53	43672
1	42
128	90124
1	42
35	11025
64	40192
1	42
190	177843
78	29796
39	17536
38	13399
10	3670
30	11010
97	69840
1	42
86	11868
17	3825
39	8775
62	26350
44	32335
57	34527
26	15342
71	42882
96	68160
47	30926
48	32736
62	14384
79	60180
19	14649
61	28060
46	9582
43	8946
65	38350
46	37214
88	54208
32	6656
83	23084
146	66194
10	8860
27	19440
88	52764
85	46580
46	30417
61	33794
60	53820
37	6306
1	42
141	95854
79	27887
140	80926
62	64886
28	24444
89	12549
1	42
58	8178
1	42
84	91980
63	25326
28	28392
75	57762
62	61628
71	38542
99	63657
73	71248
1	42
86	88924
89	21004
56	44352
65	22360
54	25720
85	75395
98	24500
4	2892
33	23178
24	25632
68	72201
55	18535
63	48888
97	99498
27	19791
65	20280
34	13209
1	42
74	36334
69	14490
50	28050
80	44000
48	11616
58	57072
74	24351
98	47530
59	44354
21	19551
22	17886
63	57393
68	55049
47	13113
90	85770
76	10716
70	68973
47	30402
39	35256
97	93120
20	7180
72	38520
142	120404
1	42
92	88228
1	42
41	33743
96	55968
73	42121
88	33352
42	43461
79	83977
57	62814
127	87342
32	30496
52	11364
139	134684
71	37275
51	6885
106	67383
2	84
54	55566
50	40300
54	48870
48	22800
55	48565
54	20235
89	40762
1	42
96	96000
70	73570
82	66010
10	6792
48	32745
66	30822
70	76720
45	14715
99	15036
40	20680
124	90706
2	84
72	19080
87	26013
44	20812
1	42
55	49610
47	33276
1	42
93	101184
1	42
24	22728
99	42570
65	68055
93	41074
53	16890
65	18850
65	18720
55	50910
76	10792
70	12810
55	10285
2	84
97	60334
33	15279
20	16860
53	55526
43	11567
57	35210
78	64974
1	42
100	38540
69	50508
29	21373
1	42
27	14796
1	42
60	57120
98	84672
37	35150
32	7520
99	13761
81	81081
67	15099
94	42770
82	29766
34	15300
100	74700
64	15040
33	24750
58	11900
95	92625
82	16974
13	12311
74	70078
91	92729
28	16380
2	84
107	32891
46	16652
72	61632
68	60384
36	8964
2	84
53	26447
22	13530
65	11960
92	70104
69	28290
86	15394
80	80034
31	16399
47	38023
25	7300
22	18238
43	9417
32	20034
85	40290
86	92192
31	11253
102	37836
66	27604
55	49115
50	17800
44	27764
38	35112
99	105039
45	8190
34	5844
100	52100
65	52065
40	41760
38	33136
73	60809
26	19526
45	36462
68	60792
71	41180
72	57960
33	16368
1	42
76	24472
87	68274
28	21504
103	93096
21	16212
37	5698
33	23760
1	42
84	68544
1	42
32	12160
91	38948
55	32395
53	53318
68	31348
59	58622
65	31525
25	11950
98	96460
59	14809
36	16200
7	3150
35	38535
43	24486
54	31428
94	49538
36	27867
67	47101
62	16442
27	21762
117	58945
41	8077
44	24068
35	11160
1	42
44	22792
78	58422
49	6615
78	66339
71	14271
92	86947
93	100161
73	53754
98	82810
95	83790
86	30702
76	21888
81	41085
31	29233
83	89557
60	10440
1	42
87	89958
128	77655
1	42
78	70746
1	42
21	13692
37	11248
21	13734
81	14442
93	77874
67	38860
29	22873
54	46263
64	56105
27	11880
90	67680
75	68418
59	57584
1	42
81	38151
54	29592
82	10824
96	80792
1	42
36	23400
22	8910
41	19598
95	53340
94	52734
59	22420
78	77812
81	25677
47	25474
63	40342
47	23406
32	5024
1	42
69	26151
90	59220
101	41542
38	5434
59	64251
88	63360
99	48846
39	37713
22	21168
25	15450
51	39627
74	54612
76	12717
53	30899
63	33336
73	62926
81	55161
89	48149
70	26883
77	64911
30	9351
33	33660
91	91728
71	65959
1	42
84	61908
1	42
99	71808
78	30264
42	18732
1	42
22	16588
1	42
33	35013
40	40960
80	52080
73	27302
24	10208
42	10005
96	74784
59	29795
36	24732
50	26600
96	82557
49	23322
30	16050
58	60030
104	49484
57	43548
35	22015
63	52794
2	84
116	49184
43	38313
45	33660
38	10944
123	91581
49	45031
134	79986
9	3050
71	53392
131	110342
94	99828
21	9093
68	26180
89	98968
2	84
93	38823
84	29652
43	35088
56	24352
52	40352
53	32807
47	17154
88	31152
63	47100
33	13200
31	19530
79	19334
67	20837
81	35073
1	42
28	17500
63	58527
1	42
31	23808
24	6459
41	37023
125	48410
1	42
100	50300
27	11043
1	42
66	31746
56	8008
27	11232
62	19220
34	6868
1	42
60	25800
39	12948
89	45301
62	67874
59	50445
54	47358
65	50115
1	42
21	7371
21	20832
58	19256
57	9618
69	28704
15	6240
29	16385
43	28896
1	42
37	19129
27	25650
27	7884
43	38934
25	16400
85	63325
34	15844
40	27920
25	8826
32	4896
86	42312
94	58374
90	29679
60	60600
63	37926
123	78329
76	42567
37	14689
26	13676
1	42
22	9834
81	63585
97	38412
127	124215
62	44084
122	116240
32	16096
97	99619
1	42
92	16836
153	124618
33	4290
1	42
54	12636
62	63238
63	32130
83	54863
83	66234
49	6714
73	62034
5	2170
104	44616
89	57405
1	42
87	37410
132	113094
97	85748
61	13603
1	42
33	26103
31	17682
36	17172
109	112685
99	62469
32	12163
1	42
177	186954
96	104640
73	35332
27	11846
66	66528
25	5600
90	35820
1	42
75	45975
99	41481
126	93246
19	13224
58	12064
29	12390
1	42
99	52074
68	58004
19	16207
60	14280
9	1946
34	10064
51	36567
1	42
67	55610
1	42
114	109348
23	13432
75	78375
94	82068
1	42
76	29412
54	50166
61	45750
96	101217
168	153693
20	7900
37	23982
64	40992
53	14575
79	53799
88	55809
80	73275
77	61446
21	20853
1	42
22	17050
82	54366
36	22404
65	31208
21	9582
79	28993
9	5805
86	55470
12	1776
53	27770
88	57904
57	12026
164	105888
39	16154
30	12720
27	16038
70	54740
71	39334
2	84
31	28210
94	101520
56	46592
137	109362
73	49722
24	8184
1	42
112	41956
32	17734
32	23200
26	15574
1	42
20	5460
84	79639
71	56019
16	12624
106	38242
1	42
104	49276
6	1427
72	46584
1	42
51	20145
70	56980
1	42
78	64038
91	68802
60	32880
79	49849
72	46973
54	32616
42	34062
23	15046
39	14292
79	76077
22	4048
1	42
30	19380
37	36510
115	76107
1	42
34	6868
1	42
60	8280
135	82340
79	64548
32	21440
1	42
64	49600
61	35563
1	42
86	15480
6	947
93	16833
31	8463
22	20223
36	33677
57	18810
60	9000
54	52434
37	27417
68	37808
27	18580
67	67000
52	11109
3	651
77	44737
86	84787
90	90540
25	21400
69	29900
65	63466
35	19830
35	38605
21	6510
1	42
80	22960
98	81830
27	14607
2	84
66	17094
44	23584
91	56602
46	19437
29	19053
47	35955
79	42357
89	65326
84	82992
58	26332
1	42
45	20700
95	19570
74	25012
24	21720
2	84
42	27678
68	14552
56	38416
73	48858
60	44760
71	45014
2	84
52	22932
26	20878
53	20882
90	35820
152	127459
34	7752
70	34510
64	8358
61	55083
88	58960
96	47539
58	59208
56	12600
13	10946
11	9262
89	56515
27	24651
53	33278
99	103726
58	47181
63	47250
29	21083
82	58261
4	1056
43	44978
1	42
68	50660
27	4644
82	77162
31	22475
56	40600
27	23274
40	14004
64	35328
1	42
61	22021
70	77280
54	55026
1	42
66	16896
96	44052
100	21593
40	26280
72	73512
1	42
84	72660
48	38592
73	64313
72	43281
1	42
185	136893
45	27945
53	16430
39	20241
22	13948
54	28632
43	8944
78	76284
63	50085
85	77435
89	17711
37	25493
73	34093
82	62402
36	31824
40	20160
100	73200
66	27654
90	66080
53	15529
1	42
65	65910
101	64895
77	56586
22	17182
4	4080
74	74502
40	30320
10	4092
169	123650
27	12825
52	29328
11	6644
32	18766
16	16608
50	34692
79	21014
61	54046
31	28148
63	12194
60	49620
58	11948
26	20410
100	54600
72	62314
81	29970
48	34080
70	47460
42	30786
86	75522
63	20160
44	22880
98	91610
59	53336
1	42
100	61200
72	28224
88	30888
2	84
34	19414
51	14280
42	9576
78	86892
25	10375
75	35685
100	89241
1	42
57	37734
50	38950
88	72952
66	36300
72	22248
12	3441
75	80700
88	48752
1	42
109	71674
54	12744
32	25728
73	21681
95	75028
86	26316
69	60996
97	62346
68	49300
47	49350
1	42
59	49442
21	21294
96	61056
42	38556
94	15980
1	42
73	11972
99	31108
43	27606
13	2418
67	12462
67	40401
92	34224
1	42
36	14940
89	97458
56	32022
55	55385
58	18212
23	6049
32	8416
45	12330
1	42
30	23640
47	36290
78	42042
36	25432
80	84640
79	71100
65	10474
30	14310
90	63990
58	23583
31	12803
57	15219
54	57078
2	84
47	9494
26	20020
55	39600
1	42
50	53050
1	42
57	45828
39	21294
1	42
79	56248
119	107306
23	24518
22	13608
59	32072
1	42
85	17765
84	56648
36	20232
65	58045
87	72970
1	42
30	30990
75	36975
85	55930
72	73512
77	78909
75	41100
80	49760
89	20810
49	28362
85	71485
14	11079
72	27380
59	50917
100	92607
17	12970
122	67527
84	55926
60	11460
22	13860
78	50708
96	15168
27	18792
2	1392
54	21060
34	22338
2	84
102	62032
23	14743
38	19608
68	64192
2	84
127	91233
60	52980
84	39312
88	76208
24	13460
43	23263
100	97100
82	39442
55	47520
2	84
77	63448
29	15080
60	17820
70	71540
2	84
24	14160
115	92323
58	46748
31	13268
36	17388
80	47916
2	84
51	26979
50	52500
99	45045
37	35520
22	8344
81	79704
27	10854
87	45936
88	36872
2	84
108	36340
75	43050
53	17967
63	34427
7	4333
42	23062
29	7308
93	48360
55	51925
17	12506
29	18125
148	98610
84	76020
70	23800
82	34920
1	42
42	32676
94	103870
45	19402
33	27852
16	12702
73	21608
59	11918
21	10290
40	35961
82	57728
49	23754
88	38016
80	50640
22	5368
1	42
85	77860
35	6335
1	42
66	32934
77	63448
1	42
120	37680
1	42
75	20925
88	13464
90	95850
1	42
59	22892
63	42822
66	71874
90	31500
60	54381
91	33579
1	42
42	34188
76	52212
145	115347
1	42
42	45822
1	42
25	16300
55	7480
53	34258
73	68620
61	58621
49	22794
78	73320
1	42
25	14350
87	93525
39	35572
98	40670
1	42
39	22386
72	47016
15	4500
49	38661
46	18124
52	30591
50	33550
83	68641
92	88949
68	70057
54	29376
54	19710
25	8802
58	25872
66	25899
101	42048
99	89001
99	52962
24	14088
1	42
90	23400
60	35700
48	26352
65	28330
64	56049
94	86856
78	84942
20	17120
52	41352
97	64020
50	53697
75	63000
82	15416
34	21690
77	20097
59	20806
44	27104
65	23595
64	49749
115	55992
32	26048
82	46002
53	31138
53	23754
93	40362
94	67116
1	42
171	112344
37	23236
55	14960
2	84
59	10561
61	59048
63	61173
1	42
24	3480
41	33907
100	58254
80	15131
87	11310
78	23400
7	6517
33	29834
12	12384
11	10362
89	68809
99	54855
1	42
85	82548
37	9324
45	17640
80	21760
112	59324
56	26712
43	17974
41	7242
72	51912
70	34362
86	63463
1	42
54	8424
80	68080
74	29156
37	20128
39	9165
86	88150
100	59472
52	24700
87	71079
81	45198
29	29986
90	78660
95	13680
2	84
58	10440
87	16530
62	40043
66	10296
123	66247
29	30218
2	84
64	53376
82	42968
39	8658
28	6496
46	40020
81	53460
78	48750
60	22646
46	44528
41	5986
29	20184
29	17777
60	46500
41	14965
90	91980
33	24326
43	11868
90	55260
24	26736
82	12382
60	39120
72	50688
116	66276
63	63902
109	92912
41	42804
24	21576
30	25410
66	62766
99	61677
38	11058
28	22749
53	27706
34	28390
98	109172
48	52800
63	13923
1	42
78	30498
1	42
58	60262
44	30052
1	42
39	43290
87	39324
1	42
95	90725
35	34545
94	88857
77	59521
91	85432
82	87330
67	28026
1	42
28	30940
53	33814
30	32550
61	13176
85	84993
70	18550
78	34944
49	42954
55	46915
1	42
36	15804
28	20216
48	21239
86	63726
21	20664
30	6741
42	38640
1	42
45	43425
32	25536
98	67522
33	34410
1	42
90	30960
114	74874
55	41030
56	14448
1	42
25	3800
97	45493
59	13266
85	59330
84	66846
48	46512
14	15120
14	14082
95	30377
45	31668
56	39592
193	123528
39	8502
31	32772
55	51865
27	25434
83	17264
102	52684
47	19505
65	54391
73	62988
1	42
44	42020
39	22152
72	11970
97	68676
62	25730
37	28638
1	42
90	46418
63	58086
89	55784
1	42
60	36832
1	42
57	61332
83	78103
53	37630
95	33820
117	105806
1	42
56	50120
1	42
77	58729
80	59200
31	31682
66	50820
32	13155
59	22715
27	17199
1	42
32	34240
95	53200
68	57800
2	84
54	10260
88	19536
44	17468
55	19855
1	42
97	38606
82	63632
86	47642
70	65310
1	42
60	33600
79	43608
96	60096
3	1208
23	12868
30	26820
19	16986
48	30048
17	13634
85	67390
70	49316
13	4082
83	39924
57	9291
45	17055
89	11746
110	40440
72	43068
43	8084
48	19392
24	10488
34	30600
16	14816
48	47808
75	56025
86	59287
90	13860
1	42
30	29010
36	17928
84	78708
35	20884
44	9856
67	32778
28	13804
52	11544
9	1998
88	82280
0	0
92	12236
1	42
53	11024
94	24816
84	31250
47	36989
76	53276
101	38142
62	40836
48	24336
27	5940
90	69480
41	39006
43	37410
57	21432
24	7752
44	26401
64	41920
98	19600
1	42
149	145513
35	17926
70	41160
98	32732
85	22865
37	22794
87	27492
1	42
68	8908
36	28872
1	42
35	20825
91	65685
30	33270
9	7731
55	46428
61	14274
1	42
90	17280
61	16287
63	39627
33	14378
83	11039
54	32778
58	37116
2	84
45	16695
99	35739
42	31374
32	7392
46	31857
26	9542
1	42
87	18792
57	9405
1	42
74	12950
72	17928
65	58825
1	42
127	40664
96	56472
54	46386
5	4295
45	37935
91	35399
51	35609
98	76146
96	58464
77	13706
31	23255
35	28595
75	51225
74	26788
21	16562
39	23564
61	10797
62	56916
77	76307
126	40917
98	13913
53	8639
99	66528
83	71382
66	29227
84	21000
69	9522
76	27942
48	46896
38	28199
91	38909
77	58366
65	19114
98	99078
1	42
100	21000
71	15833
79	65175
86	86787
44	41448
76	45600
149	84166
71	67876
21	4893
37	36963
52	24128
76	54492
92	78666
31	26133
34	30798
99	96990
119	90956
31	28520
82	44772
99	65114
99	54648
21	5922
1	42
21	2961
59	48380
35	38535
28	25648
57	14714
57	39273
56	60816
22	23892
70	37380
1	42
115	48716
1	42
30	13800
57	26562
47	6909
31	30721
29	22997
25	4375
2	84
75	39225
57	39615
77	80080
96	104448
82	46986
100	26400
28	27258
78	13494
1	42
96	82848
25	9150
24	10896
53	30846
75	77610
31	29822
82	63632
143	88504
1	42
81	78651
88	81664
37	31038
26	17160
64	29952
97	71754
72	50760
86	55642
140	89560
45	45320
50	45600
38	31996
21	6342
85	59330
136	30457
49	8281
46	32936
1	42
27	20601
79	31205
67	45780
100	60500
100	78000
83	61503
75	54802
48	31485
53	40651
88	72072
29	6873
74	50412
37	18611
1	42
25	15975
72	43200
69	20102
75	78525
22	12650
1	42
163	73131
1	42
98	72128
34	20876
64	28608
20	15640
21	8652
32	6552
75	15075
1	42
33	36498
29	23432
31	34410
73	50370
33	15774
29	9534
74	66970
1	42
27	27108
31	6293
38	21280
64	67641
85	58225
1	42
120	20372
81	73062
38	6840
1	42
43	37754
99	53559
95	77425
63	29492
60	39660
37	36149
34	29709
84	32676
98	58408
24	15843
76	52212
48	43152
18	15325
58	26332
65	12870
36	35568
46	24932
1	42
82	22878
47	31349
1	42
29	18966
99	108801
67	67201
105	42094
93	82863
147	106885
31	29502
92	54464
68	61404
1	42
34	20230
78	38003
149	52286
83	83332
68	61880
1	42
47	8789
67	32646
98	102998
66	33396
66	25392
89	69954
85	50684
1	42
42	45990
98	81813
99	46035
66	30030
53	9911
123	40770
43	41452
43	29030
82	37310
55	18535
30	24660
53	33337
1	42
56	28560
44	31561
104	52086
42	17598
50	12880
85	78115
75	73930
82	41676
41	34276
87	37108
33	24189
86	83592
38	39406
1	42
97	40740
73	40146
40	9160
127	56865
38	36043
96	38707
129	118359
50	44150
44	47520
34	34644
80	67360
52	29900
47	9212
93	42594
83	21772
78	80892
84	79128
28	14280
76	84664
89	39906
56	31472
1	42
110	102664
87	58377
31	20429
27	29006
112	42131
1	42
40	20280
1	42
44	39468
71	74905
71	25418
76	20817
78	27222
21	3242
81	84078
44	22264
41	33562
74	55303
69	66378
52	49712
91	97279
101	88392
25	21650
41	9800
86	47816
12	10080
78	64722
51	20808
89	70530
45	42390
61	38430
37	23514
68	29662
73	50151
1	42
29	26332
95	23824
27	19953
77	66913
22	5522
2	84
99	55143
40	10840
59	63484
52	22176
25	21925
33	5226
26	5850
1	42
65	35425
21	3906
64	36330
1	42
21	3948
81	41877
83	61420
2	84
52	25012
135	56866
35	22260
1	42
61	9699
1	42
67	55744
81	60588
1	42
86	61232
60	43233
39	39507
78	39620
81	13527
95	19312
23	11040
27	17955
1	42
85	60435
1	42
23	13041
42	17010
36	20124
74	61362
1	42
69	69483
34	13634
39	22347
76	28272
5	1994
47	22490
6	2808
119	59304
49	26656
29	26129
1	42
119	36213
10	7935
41	26322
39	37596
33	16842
91	58786
72	10763
97	66445
29	5974
104	25904
27	8726
25	10675
1	42
44	8272
52	32136
1	42
58	20126
90	99270
1	42
27	24624
57	32319
87	43558
26	14716
44	24079
86	33368
71	25915
43	35406
61	43554
1	42
68	52669
79	54668
1	42
45	28620
29	18270
1	42
36	10584
39	39195
70	38080
28	4144
89	35594
61	35862
192	124560
66	29832
76	81168
23	19619
62	56894
1	42
34	18802
24	21744
79	83187
67	38652
57	45087
33	19866
95	103724
97	90623
1	42
63	59283
80	40160
5	3090
69	41231
64	37184
85	58225
68	40052
90	80280
49	14994
1	42
50	35600
1	42
62	59272
30	19200
79	21839
45	47650
44	23584
87	80649
66	61512
80	30730
42	9597
33	10794
94	74628
158	29286
73	13091
72	47736
46	9338
1	42
86	90902
1	42
76	35872
32	32224
91	47775
97	97776
59	53344
101	85155
62	43718
40	20840
69	12489
55	56375
1	42
63	65961
38	33782
61	49602
72	51696
52	21328
84	88872
82	35014
51	49042
33	35739
90	98010
36	9947
30	13380
93	16833
66	28776
28	26740
41	17242
83	83166
88	79112
1	42
44	44704
5	3070
87	53418
42	43554
1	42
62	40982
81	16929
38	27459
93	43897
94	25286
71	10508
91	74832
60	39900
70	11760
31	34379
77	38833
73	25258
65	29315
52	54756
42	7434
70	37113
1	42
21	13923
38	34770
39	40892
96	96192
20	13960
112	77140
1	42
29	21895
27	8613
85	64470
92	52900
85	24735
40	23240
50	36450
149	84082
75	69503
1	42
64	42624
82	31242
94	30644
59	46610
80	35680
77	35882
20	6660
42	42724
87	50460
75	21450
53	44467
78	45474
70	77630
41	18532
1	42
76	82840
100	106071
68	12852
25	11275
64	54464
44	14168
58	32422
40	38680
25	9282
64	21952
81	55642
82	78802
48	43200
79	35155
75	35700
1	42
72	21456
83	10956
1	42
26	5668
34	34646
133	85545
61	30988
59	53218
2	84
94	63904
80	70560
32	17536
40	24240
129	76994
64	10880
58	57441
29	32219
71	20945
87	73428
72	41151
78	35824
43	6751
74	77922
1	42
84	75600
92	85673
80	87920
63	66087
98	86354
54	44928
74	77330
60	23170
80	33222
84	31815
53	37683
75	10800
26	19136
1	42
32	29472
98	99078
33	18183
86	39652
51	22032
85	16150
90	43029
62	39618
95	23085
50	20650
1	42
98	93884
33	25509
25	22500
51	35190
1	42
52	20228
22	16676
55	24475
28	21224
43	31878
95	53960
23	3565
45	36765
73	21354
59	39766
32	33568
61	56364
82	53054
62	65617
31	15252
70	33250
97	85962
71	66527
43	13287
83	11039
37	35779
50	8078
99	66528
1	42
58	36888
91	25207
83	33200
32	33952
43	41065
99	40838
51	10200
1	42
88	19240
49	48314
36	29664
48	25632
74	37962
55	17592
88	27368
73	68082
50	12100
93	96720
75	23475
58	27028
30	19590
67	45962
1	42
68	9248
1	42
63	49455
44	39072
97	60625
79	21883
81	17722
25	24925
43	25368
95	59945
28	23468
34	13407
34	19958
7	4242
74	44844
6	1422
28	6441
76	35720
116	59187
91	77987
42	16548
15	12975
79	36429
50	28800
21	18522
27	24066
77	79002
90	13320
45	18855
39	7059
29	3857
94	30174
46	17952
46	39836
116	118578
1	42
49	43855
39	30654
44	23848
95	99180
1	42
26	20150
159	90348
78	79198
55	15235
54	15930
61	40870
2	84
45	11970
47	23923
43	14061
1	42
87	82911
27	29592
28	15513
59	27730
42	39984
50	40271
89	23496
77	12551
1	42
66	65208
1	42
47	28952
56	37016
22	13948
42	28392
154	128834
76	28426
20	4260
149	62321
64	55424
79	54352
37	32226
1	42
40	26040
100	96500
100	62902
71	28602
48	27264
5	3935
57	44114
78	70122
74	33403
99	38565
111	85653
67	29145
49	31654
92	42024
62	44206
42	28014
36	29772
59	61950
64	45962
84	15120
61	9333
61	18462
93	63246
82	47478
88	88352
145	121429
109	106110
27	13527
101	78942
153	67092
69	61410
41	28700
1	42
82	52070
65	17550
99	97713
99	32769
2	84
98	72814
92	67804
73	30003
52	42068
1	42
90	40950
26	4472
36	29862
61	53680
60	56760
73	19986
30	3930
91	53025
31	12090
2	84
108	47487
80	31120
85	75990
56	50064
71	17679
65	11960
61	8682
110	100735
84	87856
95	91865
49	51107
36	14112
47	35554
58	42746
75	51000
37	8991
24	10128
126	81252
47	26078
1	42
94	24722
9	8541
13	12337
69	59478
41	32011
55	40205
22	3784
1	42
28	20580
39	12658
46	15272
80	30000
68	57052
91	74620
97	23280
1	42
43	31992
76	80892
31	8122
73	16571
76	15808
65	65455
74	17168
46	8007
112	40389
77	77154
64	66624
51	22797
40	18240
1	42
31	7409
88	31592
32	15325
72	59184
26	22568
83	80510
67	28944
73	52706
65	16042
87	78996
1	42
124	67165
27	8694
75	37500
14	6542
29	6612
93	59334
74	46250
59	36350
91	30121
67	16884
33	36003
54	35478
40	15486
82	22304
64	58254
97	84099
1	42
39	35958
55	23155
20	17440
1	42
77	27951
1	42
59	33866
57	58026
55	59290
87	58638
52	46334
65	44135
21	13083
21	19236
78	70574
22	13750
23	13792
89	35778
146	42576
86	64156
57	42994
73	61174
66	40326
1	42
37	19795
21	3502
93	63798
56	16464
62	32922
67	46039
69	29325
95	44935
1	42
138	127281
21	21282
56	47656
33	7722
1	42
42	37926
72	55008
91	94458
1	42
25	8875
50	20550
86	26058
96	85824
2	84
100	17800
36	32508
74	73186
87	82128
1	42
67	46096
75	43500
37	8732
1	42
73	16863
46	28662
71	75260
82	88642
29	31639
134	103524
1	42
89	14685
62	38130
96	24480
41	34402
124	74016
30	20760
63	49329
1	42
80	62320
93	85602
39	11661
59	17877
21	19862
39	10335
97	102723
121	72020
94	84724
21	7854
40	11160
84	14448
1	42
66	62832
89	55091
48	8064
36	6578
92	85192
69	26427
27	23679
99	46353
92	93104
35	25970
67	22110
2	84
90	55620
54	41256
55	24365
97	37733
58	18228
46	47058
70	70000
2	84
26	10426
98	21364
23	3358
2	84
99	55737
51	7803
94	47564
23	4577
61	47048
28	7616
68	51272
39	28314
2	84
95	54720
82	47806
54	11448
23	10227
49	10388
41	16933
2	84
45	23310
28	9492
29	10846
100	49300
61	47885
25	26900
15	2325
43	14871
12	8184
60	54060
35	16835
36	21060
62	44338
47	33417
118	25552
59	17790
27	20871
65	50245
22	6578
52	46800
22	9164
49	40621
41	44034
114	28278
12	1923
39	6201
76	21432
34	11424
49	45642
29	23534
40	7400
61	21838
51	48450
1	42
142	56874
53	35351
144	136984
25	11058
22	23562
29	9135
77	68838
85	57834
62	41540
25	10100
1	42
107	64320
1	42
95	47025
60	54720
73	30441
91	93002
52	8559
63	68796
25	24825
52	55640
54	14882
63	29616
79	52930
153	76967
41	14842
148	90744
1	42
21	7602
67	59965
40	33960
27	14420
25	8975
90	59670
1	42
44	10736
61	43249
1	42
76	46284
28	29008
51	56304
61	23742
32	5664
1	42
81	67473
94	93060
93	88908
59	25842
94	61448
151	95256
80	51040
26	3458
73	69642
69	43494
26	27950
30	7785
71	12638
56	12600
63	39846
63	34083
51	33048
72	54560
38	15323
99	90981
1	42
44	46508
75	68475
78	16536
100	53100
73	69350
2	84
50	27450
22	18106
71	35784
92	86020
1	42
67	55945
1	42
79	43687
47	45919
113	40615
1	42
51	53448
69	42849
1	42
64	37440
43	41194
1	42
71	46150
76	27968
71	56252
30	7860
47	23829
29	15554
89	37178
66	38280
141	96379
66	38874
8	2415
68	22755
72	18216
94	73958
101	64511
1	42
38	12160
85	58758
22	16302
90	49210
23	18515
66	22044
53	26406
1	42
24	18912
45	6390
