320	90134
995	475711
355	272275
538	308695
856	589682
677	502784
1055	551512
930	677053
748	451465
706	476757
974	709722
716	384433
713	424924
696	452984
723	544913
773	390958
832	574297
646	452979
793	476981
594	427553
776	316863
732	478023
750	295307
532	389226
907	584709
553	411157
975	638667
796	559378
908	783725
906	563560
732	269488
773	393221
866	609272
846	456496
658	305380
730	496560
727	525850
1054	723482
1149	827303
755	539414
961	764647
548	251552
494	412990
890	529570
718	435064
801	559976
592	248352
954	687821
862	512626
570	307438
797	525796
894	553791
719	670166
930	614900
942	591098
642	276437
1018	513285
1143	479668
1018	845133
600	430161
792	435596
1024	472378
428	233544
813	463532
948	598909
815	506564
564	237923
618	406960
700	439031
922	471010
655	469046
535	347819
801	555593
513	207064
467	310793
930	699295
745	509990
985	555027
869	423319
816	563355
772	411556
714	371689
717	583551
567	361348
1199	1029654
530	429900
991	498312
937	626495
881	410693
836	575070
864	390189
805	194825
717	198679
771	322118
854	584878
1107	721407
600	356248
459	289001
814	574673
491	223236
602	478654
661	454472
706	526283
544	306967
898	767402
184	133509
828	507452
1079	600744
882	390543
839	567779
875	551366
677	338833
505	283008
597	202578
829	683299
740	368257
902	611972
812	573541
882	477388
770	476669
898	545111
736	405811
1035	812249
900	625613
907	694693
917	451128
503	342141
755	495157
563	324120
1166	629984
577	422978
840	566885
550	279148
518	409918
350	248258
939	474447
715	308645
778	562827
632	505388
750	520136
690	306947
511	386152
902	731191
622	364760
791	321101
729	275102
813	490569
827	488096
670	405678
690	414825
636	305642
1029	818626
1043	673439
620	201288
848	395548
734	245315
673	330219
846	595521
1203	755626
872	630537
802	335177
646	372231
982	493767
992	710346
753	532024
859	594479
636	510270
913	423048
749	534934
1030	758595
670	398398
408	144256
484	264495
750	642775
1077	856612
801	537032
935	583744
663	449346
987	618361
1009	531555
650	422065
1012	733097
677	630480
813	429926
723	542669
522	441290
985	470346
973	589306
822	622122
724	353397
793	454894
632	484386
543	307776
736	442521
786	443837
765	579317
921	357888
1122	765811
485	383176
987	409193
836	238682
922	554668
930	378327
451	190182
694	596650
388	245510
1108	777293
731	437223
722	235502
923	797266
673	284130
900	573616
620	299066
789	391256
624	431899
820	489724
1033	759335
927	649652
946	416833
948	555103
963	636032
955	539490
932	606273
662	264660
720	637057
622	347300
745	503746
1087	469525
607	331598
610	205960
929	475753
800	670193
640	316397
639	402498
956	699283
891	498690
889	639189
737	423778
726	470706
755	381925
295	209383
770	415646
624	370294
705	320611
751	395510
943	570405
525	299290
804	412440
888	397508
624	499130
1120	553914
866	717850
935	441286
816	491305
625	340434
624	365459
994	609603
976	496374
897	421056
875	705956
993	793491
781	352078
937	443348
967	835216
837	613302
936	482326
522	229466
677	345649
909	650005
763	425942
665	540389
253	154494
547	201203
623	159945
975	783918
992	792836
672	451645
707	533119
799	284191
705	597198
971	582684
1042	860212
1218	819391
871	482305
897	464047
449	179435
521	350189
736	440433
717	328230
326	193397
1080	504528
836	414565
975	380098
603	281797
637	339783
1000	481653
947	625100
1131	810496
614	464438
456	259213
728	507823
900	525563
834	418900
930	545239
832	410018
759	436440
642	414429
902	403600
1269	564895
1126	833619
988	457478
704	317481
823	513563
785	531971
539	278447
953	686577
620	497068
1154	720444
1020	618263
894	559758
612	173213
729	276007
731	374504
619	480526
978	536784
583	329704
704	314566
1168	741137
945	444061
809	498480
746	519973
907	497397
1058	828529
635	357213
859	323279
691	491057
380	228126
448	179621
494	342892
519	366915
653	268102
878	571244
655	423387
1018	681387
862	477904
814	497955
1124	663006
1126	671428
432	255878
436	221304
863	516356
411	165141
733	402287
904	353338
625	488283
756	507231
696	533745
736	449508
1011	733964
840	261646
749	197699
916	469022
1330	1103890
891	452560
823	577804
446	351327
719	545663
889	798575
1017	868470
768	590157
873	512486
796	456924
962	496628
640	490179
878	666256
696	532920
904	636680
927	662482
806	470821
848	419472
679	423108
795	622803
731	511624
806	630524
768	334929
826	461677
730	253230
743	360298
1007	686249
778	522233
930	794513
867	624532
957	812330
968	544525
926	557666
1002	618449
782	417149
474	416040
782	301569
703	474719
659	296316
775	398040
1142	772017
895	537904
1147	551196
963	471116
583	318501
782	514729
762	493943
701	303425
806	613172
864	598187
648	342671
946	550321
827	483667
941	453941
998	593367
698	501657
833	472168
1343	666193
705	195740
370	244729
886	681578
962	602470
672	391515
1118	566660
851	489615
586	319888
668	439092
710	470351
1059	682153
804	447026
932	522660
967	595112
638	454923
982	535015
1168	819015
974	405607
808	409414
913	638603
1273	574750
870	342049
565	343300
950	520244
556	220210
895	604545
916	582599
757	538345
859	331427
822	403834
697	385229
678	429954
609	472517
653	272619
888	546690
481	237049
821	541336
803	572850
839	541444
1050	519085
610	392437
994	618957
966	539787
1010	596056
961	491898
737	361139
594	401282
692	235832
1055	711596
712	535278
779	486132
758	385024
742	202715
874	663762
962	417878
989	505625
1053	776301
628	417000
765	339932
716	321021
450	276412
479	267862
783	455088
792	380438
708	471778
816	354093
889	540411
523	263882
958	538787
590	320164
714	373427
1174	812575
829	551947
1001	836259
769	552811
1010	862163
830	745230
1228	779507
843	312324
587	444977
1065	729745
763	452411
1014	458083
917	508355
525	385684
707	471560
678	428916
1068	826516
695	495906
647	341288
577	352405
919	491803
1000	558718
800	451299
919	521863
377	187712
711	338809
818	675791
886	413535
678	390124
730	315640
683	344199
1100	693256
795	573204
598	331500
798	334484
743	582114
560	295312
747	542165
665	450530
838	605111
685	408770
592	415334
882	518814
904	716364
764	453641
1112	836154
720	363426
279	185235
931	505815
463	381123
769	362416
603	545901
843	527211
542	314178
726	452245
802	744130
853	472364
1227	919224
383	172065
464	363741
396	201606
1140	686186
1090	736839
902	450462
738	418334
641	584568
640	526976
716	338114
740	703743
1131	565593
844	524975
704	235735
776	449082
994	544274
499	266515
890	449288
530	289843
902	600481
584	527691
561	308047
623	305302
891	579392
1025	550537
567	279895
661	389561
1126	881972
1029	626540
705	505461
820	534112
681	253453
1268	806882
622	397713
730	341592
774	357145
668	320253
593	281482
1004	666968
1067	664109
793	326321
796	366329
642	475865
860	714481
909	496068
1015	680382
650	432585
747	436346
801	626568
849	502595
938	653891
1008	545003
664	365189
871	651757
1033	693182
827	390077
783	377350
647	353507
746	531202
1060	496043
619	400256
1051	543437
802	601222
747	165673
838	345089
885	649176
1067	707551
615	245335
690	425332
730	537878
1096	800272
1011	500111
890	602471
676	522470
780	459586
862	485498
654	244794
525	383338
945	701154
650	541914
989	575558
856	547965
686	351462
1113	1013185
754	405068
539	346163
541	422522
665	488536
682	679057
685	315060
704	385435
1000	700365
727	628964
789	584990
982	621524
876	633854
1152	822700
737	291991
781	539415
811	649550
756	344120
757	533111
952	903843
812	650417
483	287038
1165	991167
692	404440
608	442090
781	624052
324	226424
1077	515551
651	374569
993	540851
859	445746
643	532313
491	327785
794	379770
873	562407
522	290810
744	465960
817	580169
538	304855
878	403500
851	537013
685	390534
443	317459
693	312367
958	874982
1265	820878
827	422310
524	302679
435	149760
522	355061
588	362631
770	505549
678	515439
812	574545
896	655451
524	292415
1001	658912
869	572483
877	703128
1015	645388
667	547825
831	469538
699	586174
688	404456
691	373381
728	504937
744	434878
612	365753
570	407315
786	497073
968	544431
739	340333
1011	808173
562	497165
698	430286
611	242395
613	214182
464	335245
604	422183
940	777987
899	513128
1111	808350
561	402649
425	286725
425	360883
735	609283
746	395544
697	599127
1000	671142
683	628831
661	338613
869	631215
817	538669
816	664027
763	411919
927	562457
740	561606
565	254900
814	575029
785	360988
1020	618026
655	521336
819	479455
709	518346
1185	755406
894	635813
896	435966
952	532320
1050	502157
659	426669
379	290892
788	450114
811	389154
773	539593
995	327411
1190	915745
811	603646
814	492944
763	460370
1022	561684
945	611075
931	576394
835	373436
990	530786
747	555469
873	635383
867	495117
813	456079
738	430606
690	315136
887	383541
775	376594
619	217202
801	295977
814	324069
817	255272
604	515030
840	426909
813	618662
484	327294
778	453020
774	568996
902	568228
715	426242
714	470491
594	307539
504	403774
873	501019
688	539064
837	347970
857	525569
1022	361829
1095	657468
880	600057
817	454947
529	222328
842	356929
573	398874
794	292674
686	396162
1039	687967
793	530844
1116	578114
1158	917765
574	372415
664	444662
352	223567
692	421988
937	605058
985	541365
601	287351
674	403676
861	475268
756	488363
942	680838
968	741315
856	487553
811	523453
670	334210
891	797152
965	722371
374	288842
880	474653
1044	507102
1094	170776
553	227139
679	526225
952	800136
1001	738767
825	589299
987	682919
1005	672594
773	517786
688	444051
522	324354
1097	946584
939	522357
724	425407
901	475099
548	299225
653	326000
691	475198
919	525180
1077	528654
776	269453
1055	784749
918	308129
990	742928
947	353633
426	340014
700	545341
1028	654472
761	631229
783	598204
864	694138
753	492296
732	584543
524	140567
600	408171
898	556305
685	519132
639	352936
561	384279
725	400943
692	351967
979	508930
955	639453
890	438313
653	432033
817	606412
711	422178
721	329106
798	527986
1037	618607
886	695182
789	496081
1089	835443
631	294993
758	647833
1070	775439
922	508763
1060	865820
1015	760954
811	671589
1008	590499
988	563423
905	775054
924	642212
807	570303
673	521434
832	357549
626	183112
747	501366
729	551659
836	494436
840	603303
602	481382
613	458310
675	488350
984	314823
899	351433
454	261201
1064	552806
737	367667
871	516530
631	273671
618	218275
869	694233
782	645056
506	357648
700	488825
772	541130
852	553284
891	316289
446	258116
743	338641
907	487020
853	509273
901	560053
986	529370
888	415478
755	647102
836	726295
906	497164
790	461154
1083	620934
853	466880
773	344458
657	558094
1054	595161
703	414258
684	547129
758	319059
743	365098
748	484539
786	500750
879	421110
754	384758
878	412222
754	521912
1008	550244
841	508458
776	426223
971	398454
753	378653
943	471059
1095	679576
609	392210
891	479684
897	474623
599	387267
1036	586930
708	230217
760	504945
934	660091
830	576897
551	257053
560	510708
718	467821
923	685077
782	404803
592	392890
778	581056
802	532150
748	640373
943	654229
886	435768
465	218624
947	539206
692	325810
897	725190
793	523670
572	262923
897	584635
839	598976
678	426730
1103	762816
799	531526
792	389272
783	359058
1099	598876
813	433693
992	459727
877	562905
921	852549
687	302694
779	458495
800	572128
663	395595
733	279645
975	510139
996	614798
826	521102
842	522152
836	550333
913	390900
882	638771
531	271258
704	698721
602	484721
743	576546
986	691083
531	279910
916	240876
619	311426
479	388432
741	270293
782	483020
692	522303
666	484647
1189	829490
1017	712713
643	421099
463	268447
492	320068
1010	542030
640	526393
463	343013
1010	657430
652	331610
562	382199
678	436552
916	820009
857	572403
1023	989855
827	335706
899	440428
410	176000
879	379473
875	777203
664	338055
701	375317
881	682757
925	759560
725	328975
672	471311
936	819166
859	510897
745	553086
713	301102
1157	476741
834	308238
783	610406
846	323519
726	498143
705	700557
979	657705
614	430320
1063	601066
788	431362
815	439149
589	242871
700	469202
771	313464
787	334821
742	665577
954	422370
684	446256
729	489865
651	329390
1119	702297
1047	427389
866	668967
871	462791
1192	519763
821	530253
580	444324
625	314890
671	476470
1122	830702
613	459200
572	263741
704	456470
840	361797
779	308540
732	594205
799	491098
766	503180
771	549113
836	442521
617	310839
1151	795612
621	234902
911	719552
849	502142
994	712295
762	588170
976	809982
624	471612
901	790585
963	538999
1326	602422
792	376788
699	434505
1024	658023
726	221479
898	406318
541	268458
1151	622059
633	384897
973	515288
626	450531
845	552466
750	455196
498	337234
699	446007
779	469322
810	479958
553	367632
698	351165
1000	535418
624	409770
859	582639
1010	598714
518	318746
871	503741
955	892425
1086	821685
711	507280
947	547700
1100	881926
764	412903
723	447751
702	315477
1008	694746
810	556535
623	386312
623	427560
447	311845
867	469745
883	572512
741	516800
719	368428
1009	763878
701	506837
627	291001
729	512095
828	600308
700	377507
1150	610522
657	274750
1024	674440
756	558918
877	369139
1080	747699
972	680439
692	263419
664	289462
843	628218
902	582012
837	505749
759	476448
790	493972
621	387334
660	324410
834	487324
894	555575
633	442128
673	226158
841	517425
625	373567
731	538221
822	586037
663	228864
1195	584381
1138	831823
925	512201
489	142631
706	448943
642	271581
1003	624510
738	388690
1086	584194
946	580699
758	353895
698	480179
809	463839
629	437812
710	446681
645	329577
853	584281
1001	611890
1129	776154
839	586665
902	480364
1236	1073121
788	488519
1358	1013280
598	373293
939	538285
1187	585497
992	471384
865	500074
1034	576614
986	485251
756	606850
825	419267
961	576157
918	681570
739	244420
904	427470
967	637911
818	627388
751	586447
869	635585
757	537211
1048	486526
426	294352
733	498789
965	666213
709	365832
914	672031
697	353814
593	459501
751	513436
1030	745475
1121	801225
918	467167
1022	593188
912	760912
816	558538
1143	899338
849	582628
774	336260
1169	756880
879	740696
771	385850
941	857581
712	239631
563	444764
735	607415
677	492800
736	610013
836	733600
948	535894
1032	706683
741	578331
793	326607
1004	762695
713	352283
962	699262
1018	558306
924	785135
638	308063
830	385024
665	185094
1273	830262
1069	629729
690	546739
497	256289
742	456402
1019	626732
862	664993
858	602224
908	453773
611	371702
773	536655
888	513723
639	245196
606	458860
593	371545
1154	910294
1043	861881
728	501521
664	469507
521	273650
1002	568086
520	263479
1150	713742
1007	667803
959	511294
565	412778
811	511723
826	499945
715	363536
731	407830
676	406885
918	577253
572	573890
700	229178
790	472869
819	534033
911	698781
781	576036
872	582675
864	372120
718	429176
766	420039
754	180215
993	705728
929	436626
1023	745016
832	294600
630	343437
946	612097
1013	561888
760	548018
633	317875
1023	866197
1060	453405
950	681056
855	507589
953	617997
859	387204
825	464228
1058	820734
1012	432686
979	602723
809	353375
535	445428
968	582838
682	601005
708	489665
857	611276
1057	587347
834	476665
1100	645238
823	661100
834	375884
1045	828517
688	450620
642	374713
796	553007
754	688376
869	720393
863	528980
899	563074
634	331564
813	492253
555	408988
1064	791543
701	557238
695	489280
951	308953
976	720732
885	629412
1021	750836
679	438461
908	607648
670	269249
470	303465
647	448642
648	258973
588	369420
979	727269
650	443343
596	399481
754	378238
1004	705817
743	493102
435	289235
884	468611
565	422584
598	305200
735	615946
689	440488
814	647993
766	329772
698	412778
620	482287
753	515073
696	461653
1016	710583
809	684834
880	506428
883	571112
1035	659937
759	434274
605	269394
578	319875
782	671963
1150	759185
626	377728
787	427385
835	471785
591	457216
536	295830
642	390812
962	729994
579	337459
560	442834
751	320699
888	791633
785	270350
411	346051
556	270937
825	528976
625	415955
915	719409
551	244390
342	238664
405	237442
830	431413
379	287406
824	331638
506	329285
643	331259
870	383109
999	955650
1007	748239
730	297253
773	372238
922	602227
592	480005
876	341037
830	409545
779	504680
680	359959
904	638847
382	194406
679	391593
662	444503
657	356053
875	720114
856	677016
1248	943528
683	524609
720	424030
720	489312
583	321790
510	264971
875	702968
1207	799301
811	504352
833	553842
570	458165
516	351687
863	555539
688	408102
709	348709
593	270379
770	456565
559	265979
662	320369
768	335333
1084	711887
601	349833
992	857834
1005	643790
831	483904
768	436541
744	224970
810	526062
476	235068
744	398953
741	496644
695	298067
636	373022
893	370443
755	383298
1090	434623
610	263066
886	482539
977	498717
907	582722
890	766747
771	434095
754	465832
828	638388
716	723554
671	382646
796	333758
827	639240
701	411413
856	565870
987	591799
717	360649
669	437574
1022	680702
570	267186
817	494774
763	471343
768	411709
583	480690
920	679033
660	534196
818	726330
495	434129
514	334259
434	286189
751	420810
575	504591
1134	596912
954	602160
904	678999
981	440697
883	596597
951	669114
1073	722640
780	471560
645	209733
714	629265
1118	424817
963	566258
715	480623
810	397686
481	261512
695	522341
915	402098
751	364814
833	689454
720	528459
913	525344
848	303891
897	534490
782	467139
950	770818
712	407682
980	747312
972	511594
640	503528
1054	497962
679	407225
712	423826
717	421220
748	450549
751	342856
675	285925
781	477165
650	282295
749	513200
808	418476
671	341377
574	356318
1006	503977
883	560901
1013	850580
625	375277
1005	676235
838	479508
1040	771965
630	317837
723	515939
748	342020
597	431501
764	262677
528	383163
640	477817
850	466795
928	664942
676	475824
805	502433
638	400519
723	466612
700	548401
897	455041
683	246604
1057	707707
809	583234
582	418121
806	531492
811	640045
815	652388
1291	835068
871	644075
1045	734734
698	410434
797	490710
728	660366
892	652546
577	489357
758	498136
871	463670
714	392691
789	617250
699	491169
1109	706365
938	462052
1036	740827
717	490348
814	443005
659	497700
847	534780
844	546897
1198	841705
805	572905
918	548878
1174	675741
810	385144
253	144689
805	338577
592	289671
680	470583
998	354335
1112	658901
888	524645
710	446566
699	464279
739	378902
498	194052
938	807979
562	267907
912	764191
739	365016
843	418083
876	548374
1042	826409
1101	538895
1160	442190
586	339750
521	359620
829	701847
625	318482
727	531873
770	473344
906	535033
1209	852112
860	490964
830	471469
1055	735955
892	361111
1103	550245
902	736897
926	562228
681	556893
1088	637676
603	293813
902	503939
1121	645717
955	526051
1206	525882
971	604271
664	418561
533	321135
437	270153
589	427479
782	370528
900	634904
716	421007
729	466070
801	517956
595	297019
739	460273
779	567242
567	219532
1005	747829
643	456856
790	518342
1344	788233
703	430770
795	391406
597	323648
210	198733
539	226345
537	260353
636	192877
706	670731
831	487764
966	620928
688	339646
792	619367
796	629714
874	505535
1071	1041315
918	622812
919	544956
814	642883
876	633421
773	413199
407	322240
611	357106
678	521680
669	534044
926	377191
627	328516
695	328712
843	509269
782	452621
689	272983
790	516872
733	487739
560	324920
668	462672
825	631028
962	629380
598	213125
634	376414
742	494959
793	437483
555	378174
379	211463
882	646073
883	514740
724	391684
787	716631
432	216184
1044	658597
678	370145
1148	650499
359	154152
465	213662
882	694217
977	678124
666	429531
630	233618
865	556906
919	754041
972	642163
888	650959
819	485334
882	503055
1031	910257
837	521468
858	771013
869	647320
754	315047
527	454932
1002	634810
602	239917
871	378341
619	250446
1015	379116
948	577150
679	550796
654	504119
1020	695647
918	291668
936	669804
803	609792
871	608294
697	443527
1130	567466
924	417663
854	669258
817	275877
856	467881
1273	941204
642	358949
1042	983801
774	507256
532	254985
871	632464
849	479633
607	287164
1091	518581
867	711773
1035	664647
805	352512
688	414666
1078	632447
831	378821
767	645711
612	358314
811	456548
593	551331
676	451084
770	429207
450	262635
1053	698627
895	563168
399	227115
781	587451
329	138764
752	453654
921	741684
719	374206
1012	468256
763	518185
795	530723
723	567224
782	641676
1014	727349
551	315321
827	579799
475	318237
862	668307
637	512064
647	379657
876	613950
847	399460
1079	618664
1074	397502
822	294595
628	443329
613	446113
674	308798
1039	815216
959	621129
665	322942
864	372370
760	389998
909	591454
721	465473
504	320401
1233	630577
900	685145
999	744413
1026	778252
737	406814
508	335143
1169	544729
737	572688
808	440549
872	325706
999	601335
508	420150
1005	750173
921	571676
677	305384
810	499588
626	356757
904	300299
722	488525
891	493205
725	543194
912	619765
1047	704294
749	463184
1119	842216
783	341368
768	383362
752	638953
848	533419
1124	865754
858	512844
1053	639035
587	384212
456	298644
1019	291482
718	597405
870	554676
870	756388
609	240229
1008	471488
595	314603
737	423065
599	351571
723	652689
736	627571
661	292897
560	407340
1036	903265
529	404611
1023	647284
742	537278
706	373314
639	488173
707	535160
1113	684783
671	637882
881	437573
802	515086
630	323137
810	659523
854	343746
1161	744074
848	525803
1114	658408
896	461737
583	337258
383	338032
510	251855
753	456638
1050	720677
907	296936
777	396350
867	445005
666	490802
683	365015
782	359983
802	748347
892	490197
428	300384
995	652723
1000	643693
1007	361401
968	556465
694	483562
467	236371
609	360502
816	366161
630	469579
904	472933
828	496295
713	459079
607	363698
812	419376
521	289230
1062	782754
830	504890
646	347035
753	575934
919	419893
837	581525
1033	528253
836	387521
792	289523
725	439647
936	539511
620	421369
945	669145
868	323850
742	538984
490	251306
567	454783
329	280859
611	348167
966	797773
448	304127
908	535858
1014	797736
1016	755907
647	373735
1154	842598
889	623874
1018	655246
676	452162
558	386314
922	679024
902	632079
825	504767
826	464626
576	376503
776	463529
973	666025
581	409556
794	577381
801	466440
449	233887
482	285325
668	395667
719	337031
856	437336
647	371629
500	395975
797	654022
714	370023
844	339650
690	322680
921	554318
702	392933
681	412730
915	627036
981	356166
503	313603
1166	746641
917	542522
788	581440
886	790815
749	638472
651	489989
696	304093
624	443002
996	697242
774	444460
774	675614
734	578831
740	565559
757	391462
841	573685
469	255338
564	325270
867	569891
918	819500
817	668314
543	427177
591	258215
420	250370
649	335537
1047	547728
938	633334
779	476384
1069	574649
824	646403
892	602758
696	598715
785	508607
609	259730
869	511168
968	596269
998	824864
627	462199
625	329004
1063	503947
930	756180
842	466187
750	450278
784	242256
928	648803
928	474742
1087	529282
768	636643
776	347883
793	486601
499	320439
649	385685
930	283714
855	687037
744	680986
1059	613470
681	422939
575	320353
539	343740
1000	871699
688	419797
804	495639
1059	723764
811	389204
664	311599
748	467130
682	364210
638	334798
747	333641
821	363776
603	309985
1009	610284
845	496773
920	572138
662	548523
805	573415
696	295476
412	218377
1057	693627
603	606419
696	368702
971	424319
812	585705
975	442072
768	522630
652	274153
802	538207
769	405698
955	552491
712	480348
1006	617063
602	332248
941	747445
665	478893
696	309079
678	474671
969	562325
619	431178
899	282608
956	316533
935	413821
815	517000
1048	644888
721	272809
610	503097
487	366197
758	432070
616	321733
488	345926
995	486924
692	528843
706	444339
501	336986
901	528526
878	492756
725	359960
889	576654
974	757839
779	371027
1068	768092
530	235048
791	498908
435	264980
773	410072
755	616215
854	400108
1086	569304
887	585669
714	346787
853	661837
673	412998
869	427858
692	541705
599	209911
699	436881
902	468986
982	612049
776	284905
1018	495006
747	393536
592	453361
804	581318
686	636229
530	380952
961	505645
518	369369
707	466451
1068	720287
811	684381
1078	673535
693	346202
697	513766
1030	539085
873	736251
1217	579687
554	340815
517	400321
841	348653
893	683979
669	399059
846	520484
630	309030
911	714285
1010	759611
709	410480
671	391675
575	362326
816	630058
531	247054
1128	747544
880	288376
740	399624
806	475246
1229	534811
723	369756
781	337334
945	677936
601	172976
691	474683
562	284721
624	438993
396	158939
842	654079
734	271063
832	378072
636	396113
897	720588
732	426360
480	204654
753	477354
637	258296
639	295840
653	483190
748	584166
859	541971
677	347812
866	640118
622	288090
1249	1003280
893	614930
626	375285
677	429417
409	321860
463	354986
802	493805
823	579560
1072	573595
745	461435
793	392062
1142	621854
891	431832
836	476518
988	752644
951	433435
829	478539
899	435266
665	296940
821	757047
964	447037
1083	701950
808	367219
744	599002
982	732083
620	351236
705	551733
723	437560
1142	621466
406	328889
705	595408
1021	862770
892	436609
758	449392
876	335548
892	351568
792	436156
873	494474
705	483900
974	568835
562	292447
542	221991
709	469680
800	720328
929	510687
779	408911
997	633639
773	474724
899	570759
922	482896
801	293144
868	493580
606	327458
721	419209
618	276802
633	406445
912	781071
969	470444
1060	848267
912	453824
571	152075
734	447219
402	367586
729	451804
701	442378
849	569131
776	499567
814	450450
444	270548
1192	584276
1028	752758
906	421474
977	660021
682	508100
918	582870
659	418182
823	572205
986	678220
1071	461120
839	609532
793	443509
551	422366
960	627342
711	521072
828	386039
1112	706954
759	402460
801	521435
676	380551
856	442050
1142	771018
991	607356
774	374972
647	319751
816	513424
519	113587
642	443173
774	633532
1034	585346
531	275362
1099	775717
567	284286
757	429082
1035	424544
1027	562537
674	340592
848	362403
756	532080
998	652147
235	127501
937	683730
735	454377
1121	727813
891	488528
529	280393
766	575452
693	565294
876	434538
661	527490
708	503952
675	385557
772	589723
1213	710312
837	338048
566	270575
505	314341
1148	698969
1139	668224
513	239479
866	723189
456	312306
783	524891
714	490744
808	523390
692	515793
979	603237
928	649846
899	373591
971	573998
478	231692
950	753218
1068	640986
851	560411
1030	789251
738	545802
470	256779
951	700903
715	380664
610	412544
751	516749
583	490756
886	491708
864	565753
643	275574
1030	625148
862	628826
893	518583
702	277491
1073	905049
791	536599
815	589725
874	585810
643	566328
645	302440
1238	758444
913	340313
749	561282
1060	786733
724	439769
532	389078
809	532021
390	281861
640	290406
702	616097
741	486595
1120	514436
1074	706196
1088	703679
688	537495
529	331847
538	317468
705	392486
526	427582
884	564721
965	505185
714	393565
1171	805028
670	407404
539	436335
841	728751
1072	364204
923	593462
619	421070
811	685474
954	713280
760	423960
406	231047
783	564665
611	299375
759	503287
979	522176
823	561537
771	433216
630	248154
392	227438
848	431702
913	668302
586	428472
1300	729721
669	376170
705	493457
586	376118
475	239945
864	623980
674	520054
663	464344
664	497262
782	318340
686	597315
805	476628
1030	860069
872	634665
631	362264
472	243174
1079	692123
1048	324845
697	418332
713	360117
610	450980
490	366753
718	579112
1068	778671
726	426358
893	728932
924	540082
749	479205
780	630358
999	790928
604	302766
719	375612
613	525051
584	327624
981	667454
1046	646973
1017	385983
573	387556
858	548238
920	778960
779	657468
668	437064
641	603545
839	335471
899	698268
746	562803
696	440029
650	211399
910	691428
990	656142
434	145792
597	407645
930	691050
922	460169
810	505734
529	399987
992	450501
838	298221
759	601021
856	718777
1064	400424
551	348100
816	608610
925	870827
948	767204
762	327022
1032	645196
824	552085
691	326131
544	181476
765	488163
807	570520
677	516229
1017	390673
1117	590861
954	464630
1069	692078
855	342502
476	256230
883	597455
487	331282
800	653056
960	351509
459	367385
885	401577
827	441761
598	332528
480	320816
751	400325
814	498911
749	552523
559	294249
482	228567
892	643840
696	395889
867	519066
878	445369
749	546757
854	366154
1186	1072155
698	472577
684	464790
814	511429
564	384683
392	348987
909	466894
996	335295
770	548831
1030	430990
698	269676
875	591730
522	298663
1267	904938
1279	474153
949	776521
925	465964
709	569500
582	408342
1109	723813
641	229368
704	538574
698	318653
1287	574269
754	446521
981	431198
871	525428
742	331251
673	297820
513	322645
795	443438
705	524029
803	642025
517	388840
931	479359
646	516323
859	662864
586	311252
1002	625113
917	454070
974	670225
891	564654
1145	497769
736	512160
1034	714448
843	548922
781	488238
921	517190
703	500321
724	427075
574	482038
1022	477236
852	468003
615	409530
423	300812
611	301602
687	410017
828	245224
434	322936
859	602315
608	444119
593	417404
845	645026
770	444122
811	563282
811	523842
984	581715
1242	965762
557	397094
473	333066
574	296075
1111	981002
709	537354
1015	520897
951	647059
958	667086
762	378720
1032	787255
775	639101
840	268007
488	209142
557	390455
555	307522
875	408627
615	493101
568	338530
739	426786
716	374102
664	662147
754	535093
567	217981
955	495076
832	528190
764	619387
868	686133
478	298390
708	189305
661	306658
891	534653
968	570655
634	384043
754	276918
653	371501
1055	769991
656	591966
1012	627610
725	262609
638	425550
528	272737
783	548714
858	571606
793	615476
846	488646
742	437095
721	588984
1095	768699
671	594376
1073	701352
641	382326
796	593958
731	494890
798	735819
1115	547129
782	390678
952	673382
651	453331
759	369054
532	173234
732	289920
975	761062
923	674997
500	267205
378	275775
568	290132
443	254753
1080	483281
598	378507
607	263094
803	379953
877	677172
925	573358
641	369115
665	400890
734	457823
1032	485309
739	495626
526	321770
606	451239
643	443053
1128	496904
888	520362
871	718028
677	456273
653	379610
887	641654
836	340044
1116	672713
1133	869225
778	426732
808	499094
753	391556
649	376555
825	685029
845	715421
767	387092
613	317067
770	349171
716	313507
951	755634
737	540831
800	711000
763	739633
800	455082
971	710271
684	544972
838	594743
687	287823
511	476012
916	420223
719	612540
803	432436
787	485596
854	674707
822	333449
589	432229
911	637499
808	629926
1062	818935
1043	867699
895	552471
674	455620
707	397786
659	401958
622	440471
640	394958
631	396371
816	651186
889	726069
992	737290
516	314144
1032	645981
944	679440
740	535555
648	389947
861	561026
918	495835
974	868426
569	410986
727	452345
845	461948
685	324456
820	334843
866	597803
875	697252
712	353592
558	281895
708	532134
742	472773
529	323129
537	321115
858	445298
853	449789
1137	532082
873	502973
695	618557
575	361103
985	474503
824	450323
1099	516726
939	742585
645	326425
684	372275
981	419055
660	374467
870	634506
749	331437
993	479208
737	492393
712	520876
798	193418
739	539667
435	230775
930	301592
872	540220
499	360252
1000	721116
878	744055
814	493917
820	519488
562	462214
646	306118
811	373822
844	578378
476	259433
873	333456
979	468191
740	284350
852	413777
760	651092
702	467087
343	252082
881	592315
842	484086
795	465202
983	607204
877	563560
847	704927
1166	545072
1038	622279
1061	744307
1028	500528
800	479882
644	474433
1028	648900
925	456747
870	576075
798	765802
925	709430
495	243859
965	892337
753	650430
910	480097
595	469121
1012	803557
993	447555
449	306484
1078	569261
979	856892
756	531517
778	145642
733	594224
839	360836
980	672092
1139	747040
662	473256
909	559386
1360	1137053
801	577582
907	463756
672	387831
1002	635982
783	507261
1018	328268
1185	695198
991	588952
565	269149
868	357255
603	407942
668	336715
937	438491
790	504744
1016	736370
773	427451
979	628077
1052	470348
893	543521
1012	783846
756	601662
814	535306
1030	716971
837	543871
867	580252
1001	597025
1052	376902
842	666713
980	623947
668	360864
619	362949
1017	498592
720	408417
825	550883
509	174094
1021	502708
879	502172
725	522394
828	404060
556	492837
751	552687
657	371327
911	831993
714	617004
501	370536
424	198130
730	249308
963	584214
390	155988
1056	775517
914	508717
870	573564
751	519624
673	505549
572	445014
523	304394
1008	861005
891	470063
1099	698409
591	324096
1120	674851
1095	573150
594	526563
927	853221
1206	795656
1179	769420
697	262002
1084	965938
924	530789
797	419983
671	571552
783	635786
661	411360
753	561180
518	387674
959	529001
894	566567
738	280773
937	651957
744	438606
853	493759
1103	729627
951	664501
1087	729207
828	497343
876	675230
478	368525
475	383325
906	268449
852	445774
1029	754791
671	227880
775	509404
698	604281
1235	855903
970	499103
973	664048
839	509829
532	306650
520	420326
922	733380
742	385186
607	282426
1062	618861
852	521797
1244	740652
748	500792
1053	596184
697	276449
640	398978
968	745254
945	540879
557	344011
916	641715
609	466185
436	363416
773	438209
928	564004
997	756526
920	367771
656	407968
796	434904
951	720755
508	366560
462	276416
1067	673886
875	609330
613	130932
891	703835
693	417146
772	571237
1039	721348
701	409667
668	438765
930	557016
906	578186
910	534408
1122	850544
480	224463
1045	726488
701	359977
837	602996
800	442019
900	625948
1061	477445
636	414242
929	439289
809	523752
882	549912
897	452595
599	388598
546	283354
737	391813
643	380497
938	648011
878	502807
787	397394
1151	526453
605	361355
820	318909
1125	447263
835	362458
841	612655
717	394036
844	399069
834	373441
971	531132
798	482148
786	630171
569	210072
956	469746
925	376816
649	376593
908	436148
900	389161
1015	676237
900	440775
782	634862
891	560555
985	825367
1019	788097
768	663391
1229	996748
1014	731185
834	568193
1012	537770
415	283774
950	774396
664	310527
717	342435
625	442666
578	193001
688	501239
928	701687
714	550279
590	339960
448	335049
830	576568
716	320551
1010	434374
818	700436
739	553741
712	517386
681	396532
929	512635
505	211505
746	286963
961	487472
813	364051
611	403850
760	651088
849	567935
729	328512
1058	573211
785	578853
926	624868
925	546108
686	405132
616	365220
801	356430
545	395841
836	415377
489	380158
1125	819685
727	528332
942	572657
671	298246
891	542430
612	367587
819	569114
927	509622
907	536508
973	482446
810	430728
638	466541
1087	511693
613	204798
620	437160
955	268324
609	351856
765	407680
805	458419
583	307098
987	639906
1155	486140
905	575488
795	585155
674	663823
682	345745
1005	607995
864	589996
600	314287
939	748524
629	424008
621	511214
475	431646
964	798976
791	397115
738	304360
484	350662
728	420158
873	514842
847	393541
903	642944
850	485163
872	643520
971	645502
763	495258
934	663581
797	568698
692	401944
1175	459832
970	521889
635	510212
808	659366
842	704173
625	359568
998	677779
929	471196
774	392486
816	403394
840	591519
975	466977
791	517918
872	557332
795	559900
733	585454
518	383900
519	300595
722	191301
1232	1046505
597	391092
878	502721
957	667274
484	218325
920	658548
746	401464
830	583250
1063	832643
446	226940
783	487471
761	558545
756	582549
891	462197
1016	647425
989	862466
668	511286
1004	313749
1007	716991
959	596638
654	354890
974	794668
908	507284
670	406045
825	454826
754	350397
728	363030
854	622108
535	409333
711	426031
687	450006
926	762858
868	710283
788	255223
940	475856
791	451569
665	252141
820	520024
692	506111
694	423252
1137	899895
891	718332
703	418301
781	533325
674	415423
681	293024
753	534146
1044	876159
941	582156
916	555057
840	421856
516	434387
811	496443
886	696051
609	243837
752	447703
802	426991
805	479672
821	563847
1023	680770
734	319751
933	407151
740	371772
1020	627023
751	350863
773	468754
1042	652259
782	502172
821	614352
1299	782736
782	521197
623	458023
966	504670
913	561173
733	488411
904	468913
929	488777
799	689830
805	496970
580	364731
994	702512
1010	498189
682	455368
922	379316
991	609620
627	466313
799	558940
1007	649062
913	779214
714	256930
653	358268
529	390409
844	692369
1074	429515
892	626756
605	320045
1000	562182
395	175317
705	504361
650	228643
496	246491
529	298093
948	654475
756	503199
742	597686
528	196135
782	562253
734	516449
1037	659412
955	627537
881	404695
880	395697
733	391419
1001	555561
726	486293
812	688067
608	312819
749	439417
862	826436
836	448380
811	596370
925	433268
580	292397
526	321073
819	521382
650	387155
766	595813
763	521049
1022	708558
589	246708
755	522882
942	457418
884	422426
918	513566
805	393387
389	97263
878	485457
845	567483
711	382803
966	704783
628	439024
508	365095
770	582181
1021	639379
520	371147
594	364924
698	559494
556	286701
942	455649
791	474215
1030	542259
1069	926634
534	448045
624	477143
1116	823022
660	334347
817	555767
918	573508
1086	711920
704	300238
871	476456
472	267749
556	244350
770	434948
765	567955
896	421672
621	221724
1021	565035
487	355442
820	590077
958	481297
805	401253
730	271467
735	568994
995	737234
633	407583
803	349388
886	593264
1019	592734
758	511829
1020	573356
773	454332
831	524143
359	235312
543	402159
908	558380
568	339407
658	405997
830	695517
1098	660333
715	390760
528	368769
774	420321
941	458707
601	426183
720	391891
727	280519
621	365532
739	531214
815	645846
716	486652
614	533179
706	469619
763	297591
759	520707
738	314262
870	444027
659	194499
599	382786
851	598789
815	623895
1021	461552
754	559792
741	609550
758	546964
746	385491
668	343114
993	231270
