8	648
457	226087
723	650115
678	488755
725	385623
1063	516475
971	494283
960	727656
846	279223
923	339375
708	424423
945	477198
982	767379
710	327310
693	389280
1177	745569
835	408969
558	235110
967	675671
651	275071
811	399122
634	479435
897	776082
768	452119
712	295119
966	689218
985	643413
996	859404
865	596885
916	590487
1096	511393
755	439345
933	701346
949	698768
1200	973227
1036	460471
897	543874
968	718141
778	396221
873	370284
720	480216
705	505224
531	324746
777	502681
761	359718
1037	780463
913	672100
760	421827
634	453129
888	568659
456	291047
825	451497
570	313988
872	533165
644	453068
823	447188
805	542157
1279	476134
897	499228
577	309443
667	346213
805	584182
698	454397
869	658248
470	475071
976	603572
695	468404
1017	667075
848	416715
795	568732
778	534363
941	500687
1034	860825
694	273348
723	440316
486	336148
837	438011
921	570748
409	266755
659	383588
753	375587
947	668314
866	531115
678	516447
1104	441960
544	368170
741	596604
474	355417
645	402716
693	376380
957	907518
1207	724406
813	502127
835	590067
942	607375
905	575087
585	499372
1037	583727
1073	784979
977	429861
545	267953
913	446325
1140	546172
712	434465
548	463485
510	323612
488	218487
646	395075
733	310374
909	372562
629	241523
954	529411
636	425468
631	391600
809	468803
811	540531
845	667498
1152	882154
785	489648
509	266639
780	597905
883	585899
690	337252
705	449408
1001	745114
825	441460
564	239939
725	589753
957	515896
857	601150
640	339151
819	675220
1023	528658
803	614162
781	558996
742	409733
589	507363
653	524253
747	471049
659	387906
886	783417
958	717009
845	574297
885	718063
406	284552
599	369587
887	618625
517	351814
604	427116
445	301492
872	502891
840	282655
592	357030
913	466738
831	558631
796	484783
751	463141
716	444104
731	487945
720	310345
595	606691
391	158465
837	418672
869	286845
793	705071
729	483200
1029	443970
640	459416
972	429581
539	358823
596	403245
997	591401
804	760430
918	589990
524	353172
688	528747
640	571656
1240	744376
560	371610
730	558054
854	568485
910	467572
766	493478
605	198158
745	552102
944	703260
782	506376
893	581631
796	381943
954	712091
820	403407
973	1027537
598	346190
1033	596357
975	607179
705	511463
633	358785
888	779436
742	356716
1110	760223
652	357311
750	573004
758	420243
860	441851
996	732845
655	497061
1001	628675
1157	828027
1027	619412
706	438609
860	642076
595	450454
1203	901663
740	494831
937	641472
1245	828812
761	486872
751	512418
643	310826
1115	621740
1107	439968
913	730676
614	430767
686	315676
983	559385
923	489366
653	403337
666	555548
946	442994
965	668117
1002	481820
979	619890
720	624803
889	720990
990	470816
1022	663000
521	234858
750	428540
778	353436
582	586407
1108	843616
1022	516347
763	339292
810	466844
891	370995
773	271844
511	439595
667	388867
777	355593
923	594670
742	456665
783	334190
790	398210
763	545724
822	611600
707	402323
1087	597747
570	379789
503	345201
732	476605
1051	898454
1357	1077599
583	229328
834	530359
713	401525
971	383928
933	600761
430	372956
740	330775
833	416596
770	544946
1004	572541
823	510635
1062	532645
672	537384
857	676403
689	467072
725	490039
1252	668100
857	392280
585	251213
808	540020
916	372007
455	338176
731	261311
1002	640619
1144	872742
553	312990
536	302353
838	616071
952	563588
764	553360
814	505002
441	156736
444	300010
665	287657
746	586701
756	573172
1056	755461
557	280492
987	739554
893	836817
737	452335
470	348557
800	622144
770	313640
570	257994
458	307318
829	600643
679	358795
901	480388
621	358858
930	595123
833	641114
443	245194
760	414966
951	681773
781	240124
811	591961
814	167201
598	293888
792	485054
802	464102
1167	652855
617	382593
993	520950
650	622139
983	469221
799	636236
847	795592
776	324477
751	698347
822	499637
633	454657
840	326062
1082	598365
956	665331
466	389604
970	595275
560	257532
1050	718908
307	273518
720	331276
785	553964
631	342400
554	378600
562	399339
627	448012
1025	767765
1195	739424
1112	448036
604	358331
680	342896
849	596072
812	762329
705	400580
741	469221
818	517730
617	375202
700	357885
648	403606
495	203896
795	603677
779	416879
665	460585
784	461567
743	365450
861	493803
776	424275
924	388025
1018	411633
943	805936
832	473255
917	444902
963	545350
1122	518850
834	517276
901	656951
1114	649364
687	531969
905	352690
1022	759970
645	226358
872	667628
599	267287
902	553309
685	355872
771	474420
1043	567229
922	344770
1104	694916
996	575844
541	313406
921	412791
766	627482
878	452214
813	544309
729	549378
818	282234
703	475733
904	694524
778	509440
1232	644574
922	494826
648	332496
924	498534
845	307600
816	426451
1007	663514
740	590841
757	472226
806	515860
1105	469530
728	592005
773	537540
870	560747
497	233241
844	514676
572	374915
552	350179
539	258585
679	476395
1048	638064
734	397598
610	358889
505	227991
1060	478503
831	551977
798	348738
1036	959541
774	543052
906	461271
766	600455
531	211877
697	479067
788	528921
417	135518
630	410400
759	383843
702	466714
703	484950
894	455268
949	531670
436	329137
608	470504
810	432748
705	533594
888	640654
855	591213
819	394417
858	354457
635	243397
761	619327
790	472315
785	472181
666	435899
775	499033
938	355253
1100	658561
700	598358
549	113602
900	317202
506	406812
839	463340
965	737229
894	437652
825	471071
686	427055
1144	330363
904	773883
1099	524737
872	701882
982	624790
681	474347
857	413852
1080	601079
667	313944
727	628233
991	606230
810	541615
821	337593
753	395327
738	438917
628	384590
654	392263
635	384159
718	675992
1025	639437
642	439282
866	553638
755	684657
800	471882
760	494153
664	295674
744	518497
496	364138
1110	1035828
853	463478
789	487273
1040	873720
807	526303
1097	551376
775	391128
889	493407
683	402925
1117	650323
1019	486798
590	393291
819	288095
1218	746329
921	481391
1100	583133
994	616733
774	604753
403	214004
738	434575
858	707556
1036	851204
850	412548
823	744277
779	466343
712	510430
611	295563
781	443423
931	583577
644	478845
901	444849
706	395321
815	469142
743	475434
1015	675830
843	758054
976	578341
969	430253
766	350949
890	790060
686	372573
849	656058
629	427641
930	567174
833	555638
1014	694236
672	293928
837	702349
463	448000
850	552923
773	542383
891	502270
920	467140
810	537724
864	288612
577	388443
1154	859626
924	699811
950	522833
1044	866589
956	423484
990	699178
670	477450
1121	667517
673	426966
786	525610
821	554965
994	552248
707	327058
681	543749
1034	820457
1069	792671
725	280646
1131	655944
967	579447
608	467188
834	303852
802	532366
632	468685
679	295969
629	465477
641	494458
671	481265
907	786508
948	557240
618	500646
722	440202
625	523274
807	532940
778	444297
686	333974
626	317375
528	364488
1069	644435
681	460843
616	296858
616	330835
679	445492
611	346450
578	333831
982	749705
869	561030
1186	654221
1011	601466
625	298918
824	690243
706	537254
856	512693
1084	668599
701	489541
837	668514
886	745755
700	431051
804	441216
712	516043
756	367709
776	417410
397	237029
423	285411
936	716558
658	418648
478	210273
885	558935
774	404812
886	608906
681	500530
687	371231
825	587329
559	231680
736	387446
686	249541
777	550972
1196	763532
540	296110
932	521037
819	582256
928	463226
390	228591
950	597580
682	375406
462	288191
1002	464596
704	436075
728	663733
1045	920104
551	266794
887	302580
565	317395
945	581538
418	232475
827	604718
971	736319
1126	828614
961	725162
502	313300
899	643564
871	432775
715	428904
765	364813
877	388947
908	455419
881	416764
541	254570
859	579139
1120	454233
1022	474861
809	423428
819	570312
839	463329
982	778583
827	687635
775	487698
713	372122
928	464331
725	342732
898	408602
1045	898504
391	247774
830	426362
820	450709
685	479693
720	338720
1121	696985
740	630556
691	548077
570	377663
669	390747
824	423963
886	584007
1019	606075
608	438051
884	618820
844	421055
576	534776
822	203617
1092	695445
1004	888094
789	752875
544	274404
582	329474
650	389958
542	298170
665	470881
745	306411
979	675355
1044	433896
966	340395
400	273268
652	437818
701	567341
496	384616
709	567530
628	382955
719	406000
1109	479409
565	174807
862	450171
843	667682
1011	621839
691	265990
1046	643525
1039	586059
828	514016
837	693735
875	577091
801	607319
618	419202
739	518974
605	422021
525	372931
683	449098
842	422081
526	317942
784	435667
846	391128
800	716423
572	456194
555	277498
974	374672
874	510653
732	484958
824	314892
745	537531
629	404988
794	477914
928	731885
550	404063
824	464797
570	405903
961	749694
945	724720
580	300525
812	675895
840	382985
992	654245
776	483418
825	509768
618	566114
701	522391
783	475689
821	531442
449	193568
945	661124
842	436007
565	421159
968	499514
1028	560074
783	634301
779	491986
870	523781
800	485955
913	786950
651	485217
852	509099
967	573235
963	395862
717	461241
878	391189
1005	614064
937	754337
585	363473
999	453204
828	620672
1163	677255
1024	563254
589	307276
649	601153
568	405741
1202	675162
766	484799
684	377912
440	378827
602	471565
1036	650471
864	563347
775	425895
1182	690135
1029	676511
822	517510
845	493454
904	672832
916	520880
809	585042
818	716184
563	367988
861	434932
850	548821
797	503131
714	553949
806	416663
641	354724
763	604080
728	462223
695	633303
646	493803
949	738193
733	558793
887	410482
650	282012
878	520092
443	414608
824	496232
986	589410
750	553768
987	648448
681	441268
643	489858
1145	678231
973	604729
866	329262
705	624338
1301	641399
906	752507
1134	820985
796	465144
601	216171
844	586010
801	571523
879	548157
843	331730
830	314564
647	310921
867	490758
1073	592537
723	394203
1057	512687
967	467978
832	601726
943	608728
924	605952
1040	583228
835	540204
544	421593
1040	545667
945	660401
822	227513
1071	444961
898	275461
712	407921
766	526072
1032	496429
783	480575
548	290749
635	469744
985	728305
807	642390
765	652151
817	523283
676	296413
647	287411
405	208258
964	533016
734	433462
693	385171
939	599530
1033	567998
650	428744
607	337114
860	599726
566	366739
564	320198
774	477412
816	559505
823	441421
482	227486
815	503295
928	639015
1006	734061
644	487964
858	433100
584	413597
777	548596
1113	925409
988	518576
796	428465
677	506256
884	327201
784	574032
912	746751
537	386010
884	517454
462	201849
831	544384
1117	658463
758	484060
760	417468
814	402475
787	445877
777	418002
701	463128
657	475340
794	336216
808	285583
754	535541
963	830424
948	639825
933	680513
968	770101
1013	673918
701	301096
746	449599
928	449286
829	553013
933	567231
564	364947
868	393467
992	630086
949	789445
1080	478145
1059	678212
831	357943
743	516187
1087	739928
655	488564
645	495179
931	612915
664	406829
858	483602
1072	823895
682	345391
694	415260
995	735807
622	519904
950	638833
644	367508
919	644458
737	552171
984	567417
833	551495
1127	537747
607	405886
860	596546
578	218812
883	516807
681	516802
952	255185
970	556110
764	633612
890	706745
561	422929
865	620278
509	372043
818	451738
619	449205
409	248516
713	617050
802	658230
736	554886
818	722533
787	537354
684	404381
1077	807394
612	334545
905	693379
790	502668
877	556690
705	388021
531	387324
1109	586615
935	714123
880	662184
507	159756
841	244870
705	438061
694	423284
546	260982
705	430045
919	560632
722	487948
617	510599
688	625364
928	500671
877	808957
955	364449
665	382174
848	620295
488	346112
651	421055
728	322322
1102	665658
984	557136
967	566744
1005	437572
950	770779
1011	651590
859	439919
549	530114
492	208294
897	359971
737	439761
358	221916
593	292956
625	432121
1062	850398
702	505930
598	372498
757	652165
607	334070
1174	669861
915	583142
757	628320
891	497041
586	426039
815	706649
552	287028
913	398554
928	672144
795	512508
618	326020
1012	541312
1116	731494
1314	941168
1148	648633
1044	627596
902	265677
549	403353
864	628946
1009	694955
697	406663
1004	575214
660	462413
971	453509
944	455851
640	316250
910	555274
498	249665
1107	709392
769	423647
962	583774
767	641404
777	577053
825	538793
934	463241
860	400930
966	636061
932	600527
559	351706
1054	649241
842	627142
1110	574712
507	267630
1086	939989
787	491222
1155	804771
1027	634785
988	549136
662	480397
937	695020
975	807106
540	339253
739	452554
788	641888
675	351678
808	455873
1061	972900
641	313436
869	459178
856	629863
1017	619375
778	501636
546	242624
930	419559
728	230202
1021	740712
744	496112
815	303260
703	443387
783	303396
927	439351
600	251823
709	478934
634	303073
874	557071
737	552725
327	196764
482	413200
747	421565
765	692964
641	296853
965	345866
845	486976
926	560387
1049	461448
734	589911
640	386181
1094	609835
718	510296
824	534736
603	430140
759	541269
404	329964
772	530334
915	656602
1140	737627
897	384436
752	481086
477	223527
590	430116
682	519064
530	340868
808	452162
793	302979
578	353944
670	323737
693	373996
808	514630
909	632794
628	484125
663	456324
921	584396
693	613734
815	337773
594	572922
1150	749189
865	412290
920	397002
927	685270
753	371372
1106	749938
484	434094
601	316064
876	395025
789	767907
829	575001
748	543526
748	514686
866	437579
778	661073
865	420805
547	184697
651	238311
954	686661
673	289182
769	514170
851	479000
726	443896
577	309600
817	501862
1028	338039
921	460746
975	714484
901	387263
849	592340
827	635753
1014	704568
920	843140
803	541958
878	421049
919	380148
1105	488760
979	581055
689	607432
1008	740755
1014	559301
831	655742
722	492288
754	480467
1101	805305
1221	808853
991	639529
516	284178
784	328376
597	227118
745	355753
786	741322
675	429813
853	536217
527	282989
706	540199
859	487644
848	513558
833	594704
988	594456
1114	854245
1010	591795
933	546489
1000	852518
885	400890
960	428209
835	448486
865	463932
928	590018
744	498511
740	292544
919	445180
682	426822
970	399624
1101	727215
800	661919
906	603367
720	298620
506	318568
743	287865
848	710637
860	626878
1231	673078
608	478137
887	481987
774	249209
914	514495
990	659338
941	702515
498	388285
532	390477
807	641912
1262	942856
623	239372
1109	742867
810	470437
745	544237
1015	395387
749	602965
605	431355
747	469524
736	325452
930	649778
856	572413
706	307492
1090	359608
841	640399
612	300202
986	508310
671	389015
917	653234
978	591628
574	362343
1040	693682
1005	555897
800	462549
385	338024
507	317109
470	357299
520	449557
863	803396
895	631896
542	288301
326	231694
577	287631
718	444825
1024	534245
824	595551
611	383381
1047	482512
623	476827
863	546281
999	577895
462	294853
557	271801
1009	637299
964	454577
981	356702
792	438277
819	408415
913	517873
819	410126
803	403942
831	431629
834	750153
1031	495488
853	524418
558	344004
823	455217
838	552693
775	472607
628	198132
804	345342
1023	687778
655	432574
763	497398
698	493356
664	502382
839	492010
711	427571
842	487186
869	348791
635	435745
924	549057
984	704416
870	373290
834	541782
686	602612
832	560792
333	232336
939	512257
980	643861
1116	540797
1038	722429
1085	467573
825	656487
805	487373
828	510936
1134	586025
728	366455
951	685865
639	390086
957	465006
789	324497
767	250479
977	326974
869	623810
911	693283
653	645678
736	382293
735	336072
728	582917
776	492872
737	393060
1200	520180
1081	638210
673	393477
598	436841
1177	1112167
603	456167
765	335169
706	397875
909	568659
738	417057
844	851934
705	485159
934	694713
906	613080
1103	631673
824	476382
853	621172
598	309968
881	605932
829	458480
452	314534
355	179772
1040	656334
857	331221
821	470739
913	709017
947	725046
873	389489
851	585633
458	254303
938	594502
1017	910330
1255	812871
680	590381
1029	728121
632	507568
689	447309
644	359484
690	325620
427	365952
970	693987
826	486768
577	219882
585	312704
480	222474
805	625849
704	543726
1125	688201
571	321973
961	516744
738	586665
1219	599974
623	379736
823	499749
860	499165
773	512398
958	682345
1019	917095
717	416451
953	683682
819	463189
813	590672
805	399989
586	297847
580	264941
970	348396
902	438625
1188	411350
887	560049
752	571714
766	381771
853	631025
736	469220
782	537152
885	586809
589	267404
613	453444
758	408215
863	614521
1057	416333
926	385049
911	467635
710	455020
669	368303
916	470539
566	266967
985	625647
1046	574533
769	648362
937	517806
824	425943
823	732382
720	428024
917	598727
942	484950
844	613195
1195	933164
1207	413349
729	395120
830	600334
764	417432
689	505923
727	262760
694	358484
895	444219
892	592633
567	217202
884	471576
647	516498
943	471626
610	423521
714	609623
1186	734967
597	562827
699	371948
913	619634
1185	733186
737	608187
711	676620
729	521141
593	372800
858	461008
744	470195
687	307364
666	277808
1004	531223
616	474791
773	642819
972	681709
958	548445
725	498500
1058	895612
1162	625557
481	203263
847	601079
655	411978
649	364317
765	290196
951	653720
514	346603
803	613946
825	740500
517	438167
883	646039
606	297710
557	457519
653	368168
656	305040
790	626874
737	567099
818	632253
833	524197
686	401663
689	515009
700	483784
1015	600304
1043	618057
605	361770
747	419203
1008	585460
561	368748
727	508578
695	416098
704	312222
638	353876
739	511782
657	390659
770	262839
889	515686
631	480753
965	589435
462	324433
592	226965
1098	838483
1050	656787
657	339766
830	337680
1029	699286
743	587123
441	327439
654	365236
1057	476592
682	411358
383	310876
1019	654019
917	363440
648	483637
830	335050
951	566436
1023	557000
1175	776174
858	485536
776	538846
673	561661
930	651402
900	756959
926	291810
541	350190
859	512682
871	703453
692	452673
762	384279
807	608254
483	418824
570	409777
686	560928
938	700976
975	756421
750	473123
1012	572463
901	231040
669	238827
666	363810
591	452681
782	551201
608	282591
781	595170
815	575394
886	598318
902	604971
792	634557
616	405345
917	625596
528	408438
487	237378
797	518455
423	325564
563	289612
711	451724
858	635011
861	461775
493	403161
758	350160
966	665835
1005	407202
704	422069
757	612226
764	450354
679	211345
565	347254
1028	666694
1087	858248
635	362119
956	595827
718	331998
699	387612
1134	683772
763	458137
1042	861031
858	561417
981	775916
906	730667
556	278270
565	265187
633	513314
974	793997
681	463465
654	475329
828	540010
702	453823
854	583341
672	383151
956	703234
478	223571
636	287853
884	588862
1074	644214
771	650462
848	612298
957	575907
651	466571
700	210597
1014	478810
1070	871515
709	371440
996	480633
847	338215
673	517912
811	339582
498	439190
835	470644
791	479190
912	514191
663	303349
867	552936
725	526191
1014	494964
973	816566
590	381974
1114	930825
1029	725343
919	783033
787	356538
659	247631
1155	442826
1228	744583
1015	828127
434	256270
743	382542
536	137636
813	463757
810	470984
848	463813
1040	851630
811	393956
710	273461
852	371278
991	672443
756	616089
747	435227
798	592727
577	480018
549	317831
685	390689
730	548571
1065	746157
797	240600
807	473671
654	214549
556	217043
810	537625
1271	828031
768	663268
853	569104
769	600070
712	527839
730	244031
780	698376
762	680790
581	252042
829	547037
633	357537
612	352945
943	485679
883	590632
886	630922
1018	567271
1007	589815
712	557477
1258	968734
799	442356
792	344225
689	647356
768	351161
906	758212
952	787581
804	305137
492	363358
889	539100
632	279928
680	487290
769	417050
430	295508
1120	859729
707	509779
1086	815388
892	535853
768	540231
1062	471279
855	398917
720	352067
909	690304
672	510285
883	517917
589	389597
813	580953
883	613886
850	679651
500	323548
831	582673
658	470929
582	312135
539	301273
1146	894854
786	447967
930	745635
1160	648126
931	775861
590	216019
625	331926
1103	672434
715	323163
642	556271
693	589684
879	527661
984	402581
820	288850
792	420801
871	402905
883	592609
443	316402
1014	496127
810	454444
1150	652435
855	591182
902	458164
894	385872
559	227500
744	404445
819	495173
1128	702666
800	480825
1077	840342
746	380729
881	380583
1104	705214
551	419954
1128	634066
853	532753
530	349334
762	494195
726	413822
655	333191
845	699859
916	486307
815	389503
749	289319
994	710458
553	239005
729	420261
524	359964
1043	735010
835	722108
991	700154
1329	1045260
783	331636
917	349655
834	595747
1007	499780
953	618792
680	285629
559	295966
668	418170
446	197228
811	346113
794	498382
829	439993
1012	494362
962	676825
907	440242
850	695278
790	401581
1100	582674
834	492296
643	360842
491	206241
1108	538344
705	526670
1076	609673
666	486078
1002	657048
957	580377
927	592693
647	395629
554	246552
857	469510
910	758598
961	587607
793	609197
547	362059
759	636321
765	432681
905	721077
844	474706
630	282215
625	534038
884	616310
685	316022
1022	640897
923	395299
463	180667
559	307038
597	321656
953	651047
863	422356
652	545909
781	258364
870	723922
590	607696
1013	475099
964	512949
1112	707545
699	541549
711	474538
671	353319
798	427372
654	331571
798	399664
697	407940
714	621673
721	483880
842	590935
977	475672
507	347710
644	518166
650	506616
828	622734
858	549864
516	336248
845	670149
631	247190
634	440292
858	643400
973	433640
1014	411089
550	480004
491	317258
905	458241
800	454542
564	302973
599	304929
848	321615
893	623182
538	287224
916	419456
909	571386
479	312416
853	383979
982	730671
639	323338
1050	757585
913	498759
907	503634
730	420424
976	363991
739	503721
921	552435
1086	675891
984	680146
641	325079
683	441329
505	394813
677	492708
788	340984
710	564412
1071	462826
811	579760
1060	386720
529	353915
960	505917
674	500619
871	306987
570	380949
751	580802
484	439790
697	360254
736	506714
554	294692
785	624369
640	361602
787	426119
998	402374
573	446693
1287	769737
831	561073
797	250622
741	436334
848	637828
835	557187
728	560214
1202	562493
667	503930
734	413635
658	532116
1175	683978
679	589909
745	478450
898	366481
464	306170
935	605618
846	485425
802	619590
902	551287
796	501737
958	700883
757	343157
515	202842
959	558356
705	412130
793	374444
548	372183
728	403793
903	574170
663	337851
868	467762
562	418524
640	221627
966	650617
908	505220
635	424890
597	385539
965	477429
774	565466
700	528132
634	496716
844	644840
631	491347
870	610723
806	491341
522	287300
930	656283
729	417783
841	456503
596	437349
841	475600
702	484018
904	638047
915	389738
698	337124
720	433276
817	759566
690	185511
771	247475
899	439460
1018	711150
615	349313
957	641798
894	575208
780	382209
757	317565
676	603539
845	290776
1203	775868
724	438399
953	678391
915	417305
891	764766
1271	816050
641	456325
532	308688
849	617800
1077	582841
680	490297
721	304132
760	379631
713	521793
719	406509
664	445347
633	507226
517	344893
685	416526
734	417702
825	474970
409	240333
705	462280
527	395592
746	203427
529	248963
973	722180
781	522598
881	477688
830	668115
860	473781
832	505555
878	637054
951	687615
1211	703106
702	305177
796	600429
1036	622490
1082	474232
789	676537
567	309887
690	451354
821	400287
527	279103
851	637261
549	295188
1071	596105
798	488440
718	385665
1003	364581
1064	654807
844	605673
1052	717244
903	594386
750	377463
885	333511
730	397696
768	501782
836	581221
1092	758393
710	312365
647	321162
794	496325
763	701322
852	650029
456	343469
449	316408
937	734493
571	352564
890	481375
895	614404
646	612283
890	640118
1082	746568
1193	663638
563	462468
648	406394
462	368603
530	276404
1043	602300
521	246111
401	322060
760	330253
536	351844
511	151163
685	335279
716	380493
820	330983
739	406530
1120	752481
1009	816055
798	460231
730	512788
671	536497
1165	785715
693	390226
925	591372
815	347423
464	270853
829	488417
590	364085
1013	891594
1100	997545
721	492239
602	359537
773	435945
837	480060
818	428131
531	373352
738	507167
592	398891
753	598847
484	249724
1064	500716
630	246414
707	570308
861	592596
834	639796
847	652878
766	421495
747	299493
1086	764866
783	499699
937	494565
856	469822
1030	772169
388	340824
1020	393137
775	501670
588	463749
562	328479
642	368605
449	168529
556	255195
556	355349
705	374398
680	451459
771	539823
490	200889
649	386969
1148	671161
858	506020
720	425040
1069	843309
720	635326
911	716183
587	361450
953	502257
634	455988
1137	640486
717	305019
688	364206
879	669584
733	371889
936	405284
844	701391
947	835813
829	632568
932	450268
814	442694
659	417300
682	446973
557	396760
758	383666
506	325447
944	658060
1051	584468
535	490228
879	547338
957	655884
396	254209
1009	594295
1161	881358
1146	412364
941	741121
835	421263
683	305661
873	606555
1160	613839
1172	755678
843	488540
978	759584
790	633012
953	743581
505	284993
763	616327
647	341621
609	468190
713	326212
944	752392
830	513857
848	404647
796	407107
1185	489268
547	187538
932	553113
804	514308
758	314103
961	358760
786	324104
1032	637682
906	601676
612	489913
667	283937
776	459138
844	444846
814	405035
736	474155
656	442688
866	767040
766	463048
989	499623
570	328353
966	780572
819	479125
719	352012
532	239812
945	772113
831	428712
966	437641
530	363258
849	516875
714	420412
995	756341
780	514344
1059	694573
554	350862
528	338136
813	597708
718	434443
979	676685
1330	1039835
1125	994035
939	402234
705	445534
701	369825
951	508298
947	709864
691	466191
677	489971
794	523026
751	429455
851	552974
747	395748
895	729785
794	490217
581	388267
386	300148
737	426029
941	721035
993	630277
661	522322
971	818155
935	668844
783	473073
735	457921
1189	713071
832	287900
1030	557815
694	477341
657	336538
895	567332
1016	494279
975	631680
806	421242
696	380125
671	425842
887	557763
752	483010
981	614510
825	368361
997	588106
1267	862226
705	304264
1049	565894
947	362514
782	599976
1006	839638
896	691393
954	492710
1001	547826
347	232577
772	220459
881	300820
407	264658
806	418537
610	376831
994	570785
616	480920
818	289238
915	534696
746	667376
977	503868
533	260759
767	527580
1292	752102
934	711726
623	381738
761	669775
837	455860
631	550711
1045	735042
711	447215
733	427216
616	432362
755	256308
636	344012
793	724380
777	397568
732	376414
801	505296
1079	980491
980	719467
1213	570413
577	437617
716	451807
954	598175
865	416577
904	726871
931	332438
987	671883
1048	699695
611	522383
856	335208
568	298045
873	493518
715	507254
632	434148
762	443049
893	418018
591	419258
951	717429
726	491010
927	587888
574	367768
1045	443954
946	622899
1027	645132
1028	780008
1032	746989
966	623264
979	675990
712	445437
667	509629
931	502070
836	493541
662	496234
806	583704
1218	705225
935	791562
806	605748
826	508787
1145	951296
610	386602
893	467209
664	444101
829	592538
804	508153
969	509514
1099	830697
1053	525175
471	297453
1084	792164
991	624966
755	447681
874	576141
677	419298
916	319325
565	436574
637	346244
808	403988
448	253300
869	486829
729	265367
924	621644
994	534242
891	523999
832	641292
753	539427
750	251553
693	372141
913	585580
725	483065
1057	696055
779	504916
951	621059
832	504617
1024	623642
711	412445
1256	781655
798	591813
588	422932
920	573932
802	393667
1089	634082
765	489211
1022	604671
798	483205
796	629871
879	304402
775	587482
579	441774
1048	520636
1009	833736
704	514706
922	445222
1065	577340
915	481238
796	344198
892	596601
514	358236
691	499402
746	373605
687	450753
814	474912
1040	741548
668	368893
1060	509082
898	616580
802	583481
733	217420
890	473034
773	357502
1039	487897
775	332516
651	263664
919	527915
1128	759984
619	343228
811	530051
956	736768
400	254506
722	437518
864	385872
699	368774
602	335795
838	676829
712	389516
1036	523620
503	378619
608	361491
675	491185
895	549731
823	631011
822	569423
801	628122
939	725272
827	387099
652	440126
871	380307
891	616136
1038	756802
1058	444842
733	235477
614	286680
716	435435
674	554959
850	500557
687	242837
963	250707
892	447647
770	311604
640	342322
803	633627
892	547004
780	296578
1038	565818
860	803511
818	641097
1029	711781
802	760034
977	812168
845	585645
878	569422
987	906741
799	386428
652	420246
925	655323
1008	530419
1198	739006
595	348943
821	618086
914	540457
679	351312
723	445345
714	520130
968	697859
1144	623639
812	673749
1132	746913
1322	982176
796	572511
1132	759074
1021	677066
503	235416
476	209107
652	268155
477	200530
1043	695451
839	577189
607	355522
746	546350
635	521079
792	526807
1101	689762
1122	842114
614	298730
1047	507884
921	711861
439	313048
731	500454
653	202389
807	599180
530	358694
627	319905
792	638088
554	294749
1191	966394
1129	811346
663	524755
1040	669221
685	318174
652	441057
690	295466
740	435242
983	714055
779	429262
835	652687
838	689836
699	450007
917	619238
1037	583737
933	600319
842	467952
714	406842
879	423992
984	505666
825	377786
891	633982
588	426425
748	419199
648	417199
667	479858
706	674990
440	254228
988	668507
686	306841
760	572050
821	361621
947	606514
706	365507
883	510793
614	250985
760	691344
868	294090
675	557372
1008	594704
933	422023
866	450558
837	651747
1005	777749
657	291084
608	399183
822	698092
643	505559
687	528187
989	585517
1035	602653
748	477717
935	562330
1001	690558
958	672548
632	374967
663	354056
1046	684279
694	415813
806	622887
828	615113
655	356556
699	419849
306	225427
663	378031
950	730087
895	783890
890	640989
469	286575
775	439107
438	371063
672	421617
425	185916
504	419416
759	561892
716	502682
647	348991
1061	700197
1012	627525
866	726511
723	535952
607	321593
950	564015
955	497040
686	403581
966	497504
664	235863
717	444021
1078	648545
412	297550
695	481946
751	629915
936	529734
749	444209
1155	700957
1111	639240
642	450334
1036	741560
675	253550
829	650748
901	521080
912	250781
898	599011
594	341743
802	651541
988	555154
447	345919
1018	688277
1136	801362
817	687330
856	528691
533	312927
856	791665
779	572225
968	622823
1101	489667
664	385435
699	564363
858	680022
895	561523
778	540578
674	537455
530	299375
982	387371
1006	457848
779	597324
831	539297
811	505311
1137	823219
547	395882
650	473354
799	441226
462	421036
820	559857
804	358119
521	443637
555	376195
513	219699
738	603173
979	561008
879	626605
771	431493
702	360064
756	616388
691	444013
753	459307
1125	794116
433	302930
906	522332
720	470364
826	622913
750	314660
767	357945
881	655050
776	434274
620	255963
836	283754
680	541075
1029	522791
629	483286
811	583581
612	468254
963	737006
844	620755
815	641975
516	331275
967	428228
863	628369
1275	739413
943	898366
1067	629378
436	245617
553	406032
851	308239
739	488020
741	534975
639	491408
1111	520044
705	478002
634	217762
766	599378
443	255159
909	652983
722	444792
535	516521
905	574736
922	661256
614	477261
838	501120
772	531232
786	630403
976	792801
665	377085
822	474466
934	514310
936	570004
679	462461
1207	903197
923	537081
914	575436
1174	672105
847	287458
922	509134
652	297732
793	667266
1059	412472
703	472664
978	883417
567	396373
769	501165
1001	473247
1243	1027744
1001	652484
876	715581
854	406563
632	238842
938	617216
1202	787583
689	389573
832	412224
1013	621520
703	397888
1061	810123
505	216847
962	717735
549	435001
886	427867
844	549531
989	591924
651	515832
931	294863
715	494163
782	454005
852	317350
880	587523
504	257771
743	291626
913	519472
943	377001
965	568266
682	331763
798	577928
804	425624
853	505784
785	472610
704	412554
747	268948
1143	871361
984	423653
671	265076
929	487893
867	538679
834	597353
905	711331
947	542012
1068	544712
598	381713
528	177380
572	355316
619	461908
745	482001
850	454011
907	592237
770	718413
998	545579
572	378683
1054	775810
748	484360
755	369674
1111	833621
880	445626
764	490500
828	437957
972	872311
1220	704432
676	542286
684	468333
1106	773010
913	617643
785	478771
1111	907691
821	537913
1031	675668
667	553109
963	625015
522	371780
1162	452300
786	634740
674	461306
897	525128
976	610235
504	378086
757	605744
958	668870
646	380979
1106	666302
575	302270
664	449987
955	692755
815	486124
834	695961
577	310995
741	625768
525	370289
959	406172
927	407591
874	539050
825	372892
693	316470
936	632454
1099	417841
484	405868
811	372695
554	260202
855	388302
840	596373
829	598129
612	492651
479	283875
628	429566
589	387091
682	502019
541	326278
910	824325
960	668765
924	554434
628	552396
861	317704
897	736143
700	422887
772	585024
1014	792341
1050	669979
629	406643
839	367920
657	432184
837	498810
867	537356
791	535561
767	347262
782	595503
1174	872794
607	458102
405	335016
636	419992
1018	583428
827	480317
837	598128
824	718874
587	234639
566	505419
759	322816
536	333617
828	502446
560	553294
942	556692
838	371783
589	549383
760	506156
470	141205
720	317082
397	240581
690	512233
1081	508244
1067	700898
776	475728
557	502969
588	272317
536	344051
631	424858
856	570816
809	577692
839	727612
628	437210
527	273732
922	625255
741	331392
760	437307
823	559419
626	431924
1029	403408
583	257335
894	627316
973	454931
948	730430
958	478510
676	328039
741	608771
842	602284
692	352360
844	546184
818	587049
1056	813584
961	691282
899	652913
1181	839916
690	387539
831	456727
756	417702
1187	930359
856	635400
1116	829653
392	251837
919	637651
723	410906
994	460210
912	505546
606	413381
915	779298
995	586364
907	546017
834	754645
646	292456
1008	611953
699	548263
743	463545
812	439810
820	580410
458	210103
928	735007
866	635397
675	547108
843	485744
881	716929
791	461189
649	251195
869	360859
657	520477
842	520990
898	836733
616	511368
539	248245
530	167634
942	514957
648	383476
1220	804782
808	696380
984	859817
921	666336
794	496138
620	334612
626	447682
1054	825612
536	436925
426	238899
532	282060
798	653760
917	722529
723	457831
480	387979
823	461984
1004	687404
934	698011
690	459270
828	735237
855	521180
1172	663414
850	705524
1267	1181031
510	389463
1000	587626
984	586059
853	569074
1223	604482
793	519372
696	368385
897	498163
649	324182
980	456667
735	499980
572	431040
1178	684920
894	631581
824	577927
653	575856
851	681124
777	585138
1019	638232
1244	856799
849	424549
1205	750738
705	415375
815	682947
886	481569
749	594154
781	427131
490	361872
868	435733
879	627452
844	374570
828	689191
562	506192
990	604386
676	392993
1089	584366
1043	444298
888	589643
823	407588
933	623321
839	495513
906	753834
603	346681
759	491501
1026	831078
1021	644878
1064	543464
1186	837279
724	526411
704	455133
774	560672
1263	932578
661	270621
771	451380
945	463132
904	432542
795	525234
810	599234
788	452885
580	208395
809	457926
725	406534
617	353603
779	540065
552	350427
1095	775308
810	505770
895	602413
1128	623670
780	598437
716	246622
598	368107
968	638606
861	572030
1062	862718
1025	637804
891	542092
958	630817
824	709041
579	220487
729	571799
725	437455
942	583982
946	618227
781	609750
937	371834
791	578238
714	502326
897	476852
760	507367
884	606949
1057	567668
883	517240
608	338063
1080	638286
1036	764347
694	430861
740	567312
580	378635
917	659062
387	207740
850	387459
826	731517
779	440555
1137	850607
814	641937
666	457645
1071	678580
726	357775
698	504849
618	332699
991	538929
464	357415
561	327738
793	313831
695	482576
642	293238
859	554707
821	465585
851	416168
595	479286
781	609620
818	545959
896	584648
597	404935
732	427801
900	858357
965	520714
699	464888
738	376933
1172	692155
939	694052
868	525742
601	227613
845	666727
928	621363
749	472819
978	549274
1048	494676
599	395661
734	438465
894	483922
664	307882
934	502711
406	266250
779	570827
621	386867
828	390613
623	279697
1092	627121
692	338820
781	308683
746	236305
849	607190
736	516006
1089	708315
823	626969
813	591077
1122	713783
845	743383
938	381556
1236	755281
944	562897
846	564434
803	620100
850	389423
957	661864
586	539816
662	507496
934	634638
1025	770113
813	630274
1052	782920
941	723296
779	406004
444	379786
572	397931
922	494925
669	364326
608	460065
1015	551848
930	509314
674	569987
694	529686
503	364292
917	587605
473	181722
1004	609268
939	529346
623	229437
953	499053
501	256795
1163	771431
839	498065
648	478094
926	664163
1197	517380
758	559244
840	593134
640	354143
1029	714880
909	503428
877	729852
1060	595017
897	709948
667	676898
860	609452
765	552096
574	191796
864	467399
914	427316
935	706931
947	524608
585	413334
907	763236
905	519074
866	606527
764	487848
902	652150
965	226979
382	242012
869	374359
588	268130
1058	425214
678	456484
901	561698
955	647710
797	603341
1182	744465
690	523948
587	347963
671	469341
836	553252
511	218523
631	597913
678	416826
1228	673466
680	456852
914	716396
911	589267
615	417553
616	446383
525	434553
771	488355
1156	567771
766	583141
923	472386
856	427310
1025	472470
738	430588
860	469636
402	174736
510	423056
738	536449
699	420408
501	391415
716	350838
853	389761
969	394330
501	447551
1026	745642
724	333296
1018	870800
753	422265
1053	734076
823	398619
790	506288
950	454202
877	620837
914	582760
790	329336
594	335585
645	389753
802	475336
698	394710
428	241382
631	542553
736	259676
475	170310
972	757632
758	533962
749	437665
690	386459
645	493198
688	509803
912	777053
714	424506
787	405729
1019	648912
900	601325
715	681968
743	355369
667	582436
831	752238
1124	511265
902	525986
611	357435
766	440781
1087	469789
731	445540
766	445702
753	584071
797	355597
684	387706
972	564377
570	363690
796	579497
923	702483
894	631406
671	339096
598	429324
937	875509
1367	825769
645	571129
627	263434
892	669448
1022	552200
1030	660798
628	367285
1005	601865
771	685051
538	241668
939	410512
830	329273
1129	838198
984	555806
421	377259
842	468248
835	428398
726	643094
883	548031
651	325744
484	357296
976	605367
354	251680
934	783374
867	509607
709	410719
1181	672970
574	384580
862	523419
1244	1029324
845	654552
779	409159
711	336445
924	639036
1005	432176
638	368660
600	473379
872	697896
797	426464
433	350080
773	542870
1004	532680
882	369803
675	350210
524	229593
766	479958
732	426949
1012	781360
474	306011
758	429449
998	693528
599	336870
660	424610
671	426709
989	783769
594	287319
868	542697
770	411376
927	659903
658	518829
861	667880
898	636280
1012	477396
943	697576
644	445070
981	388534
595	309127
840	529658
710	280978
589	418383
963	568202
1281	717074
566	374571
700	391416
771	418773
844	536754
542	159065
757	431568
920	781328
1047	401907
781	636608
819	430721
703	331920
876	742740
664	274006
880	403281
1033	655699
652	418660
864	394828
685	522817
1063	582994
891	499611
646	423301
986	453389
466	332738
748	559610
720	368372
869	412646
495	324322
993	618382
1029	434196
847	698103
777	501527
629	363013
801	598131
526	277089
923	653577
728	350595
329	219096
814	521751
1058	662189
534	372394
964	629298
828	376814
976	525116
282	208526
981	545120
584	345875
796	413747
1050	648692
517	373408
699	235430
988	486690
832	588487
1205	510350
654	618131
1117	435562
502	476502
829	400114
1086	734283
691	429808
704	267975
757	593210
853	325966
823	433503
799	527464
1111	898341
477	312488
939	699425
979	491753
837	463608
970	315177
1043	889818
812	422910
493	273648
724	307762
926	531907
656	417004
891	721613
523	259959
707	611624
965	492058
975	731915
901	498362
686	426408
884	593593
887	423783
926	368516
936	692551
832	495989
748	437022
697	546004
541	417906
680	412184
898	897810
1114	519119
681	437234
1056	825001
1014	710970
1012	734982
899	482973
830	542658
494	302129
728	436766
755	233645
749	319948
748	530903
709	424082
756	255963
715	418718
494	369603
406	364784
578	189840
824	504145
640	291660
784	518293
997	450571
378	184062
513	278064
532	460898
781	533611
850	682991
899	694807
1058	824037
821	367577
968	682222
1173	523555
1035	475404
662	576235
784	595128
883	637098
642	349016
1008	854515
922	686508
622	381161
854	621552
957	578670
645	303929
684	351537
927	598016
838	663883
596	489998
991	697511
813	572739
1090	547571
502	374112
833	500948
1032	721793
596	305903
946	345669
692	232400
788	429848
1089	593746
713	443152
818	588064
883	629621
870	640019
918	662839
1090	734592
798	411816
859	526170
980	580779
709	364498
830	591379
692	542696
627	453036
782	486226
945	709520
870	584449
830	498467
962	518646
1046	841781
1026	648984
926	560973
861	616535
533	445757
781	515223
812	551601
1223	626737
586	245319
636	508403
864	542012
828	637599
716	478175
719	352028
773	554867
651	265708
789	419956
686	313402
777	356406
859	391653
846	575497
502	288051
534	296196
928	432361
1026	542622
982	473306
722	476051
635	480796
493	144805
877	583911
1161	936803
875	536411
440	262858
797	605296
692	480685
618	455260
595	498999
984	538232
485	366318
802	588221
804	619140
1063	668633
1120	384068
904	552601
1077	659516
816	520504
679	303944
701	615673
1004	651130
530	246609
731	559246
631	372934
761	521499
867	569887
1003	456497
1019	693206
1094	626770
927	490953
542	406165
1080	864219
625	410486
648	307341
904	473963
1171	1056279
997	432352
594	462714
898	388083
683	255343
932	393874
1013	694158
623	355414
889	794454
786	377802
895	631256
785	404233
795	285382
1194	734129
710	186482
1037	587676
777	333839
769	378402
356	239628
862	429825
873	605229
1031	579764
1142	871439
600	574122
1126	887802
1065	666687
862	504040
624	512449
723	296832
1074	677844
832	525642
708	348163
569	356634
841	464372
912	557882
659	480927
745	516493
750	452412
992	653854
843	480985
583	295147
887	403506
1130	859254
639	339673
880	624554
1103	652558
996	804944
599	327475
729	397846
480	338985
715	543673
906	456026
683	406464
524	381095
965	686875
700	416095
524	258296
709	454386
962	520245
1191	753641
821	724349
918	675092
840	669324
976	513728
468	292872
756	300453
782	662638
733	440695
939	442358
528	420209
721	616777
776	466868
1028	739377
1016	607804
789	503686
923	527636
665	160217
503	308384
742	454456
946	626305
879	526536
756	474868
956	729854
766	420276
1083	447361
1021	742120
726	657555
858	543322
636	328581
613	443407
891	324023
840	394980
787	447383
508	352898
503	329188
698	326095
645	429035
588	397568
1082	397490
801	454527
1147	627187
724	508001
631	341089
1022	581832
665	344438
906	725963
697	416426
1031	856310
643	430726
786	500692
440	343265
1034	682079
657	478848
525	253183
408	272381
943	512575
569	412805
437	275048
1135	679936
1214	902997
715	554854
973	710061
770	368661
804	428730
597	291790
897	746102
563	438537
1110	660093
559	381551
595	315839
570	382200
849	760692
686	440278
656	347049
1011	558271
706	501001
974	438454
560	248697
866	652937
881	605987
371	220436
924	384636
798	578681
814	542587
575	378327
909	546617
977	600133
822	553365
893	604039
874	402848
649	255622
720	372068
1016	439925
918	509039
609	413062
776	569676
1171	923665
1003	786271
949	741499
1138	635751
680	378880
737	450029
876	439266
535	335302
1085	541231
730	554061
1045	696051
441	338352
475	432927
382	357326
752	374026
626	410655
821	355350
846	526700
1046	365262
740	417680
765	432214
1012	756979
813	633092
856	503375
1037	702099
606	409799
816	500115
803	507919
594	480749
1072	573516
955	666428
1024	490855
945	398507
918	539528
977	831930
1012	590498
1060	620105
783	572554
656	489615
664	252216
673	371162
384	239627
929	435594
601	204086
984	602579
694	510830
630	469617
987	679644
1031	175330
519	222153
834	713882
654	429352
724	365858
600	314830
751	534868
993	544931
947	273633
690	644842
855	683441
896	458283
1039	541315
579	219120
521	302317
544	341100
751	589306
472	296266
686	362083
773	569325
806	684670
449	281318
780	667195
1128	510443
943	602405
903	344026
779	499881
620	462175
738	361742
611	303010
923	384836
1016	480729
911	747395
887	539520
500	282048
945	789689
1230	915556
739	452487
617	332472
498	238228
993	398857
847	346082
753	500079
879	439090
808	536602
711	545251
563	237177
822	521330
1042	481781
940	739705
493	297543
552	344650
739	431966
617	380873
1284	1095807
742	449033
846	444687
763	567933
597	285009
760	535776
903	547729
760	745170
712	336419
903	538373
617	389944
699	398445
618	410120
663	363305
772	383316
455	253771
922	529710
481	376387
970	581133
942	739045
1005	803372
693	419549
503	220881
949	534953
510	383370
698	370765
992	494956
828	670953
810	406717
810	514613
796	525364
778	506679
1173	950605
978	558818
726	407827
520	235954
734	485274
850	526319
553	413875
632	336896
852	516417
716	647339
864	572751
1062	527566
774	533679
986	813327
1037	734462
625	451112
864	515402
550	269497
952	389722
387	308985
652	515488
1153	769170
892	618807
817	472991
935	474962
1192	1102539
658	499380
824	565772
601	337515
957	659481
670	285552
855	442880
725	511098
743	606780
836	506463
851	402073
957	589780
598	405955
742	523493
832	483476
999	491336
937	785829
813	621203
1120	868656
700	417710
582	239802
928	431362
657	244793
715	414894
1219	362054
933	503221
909	604315
707	354334
739	491379
707	445425
851	801289
703	323416
554	297048
793	520383
546	346318
413	216015
528	303845
669	532198
655	568770
997	478237
1077	732289
847	346394
891	568258
599	450415
923	769072
421	142233
1006	544189
777	601617
439	246400
788	660463
624	486449
1007	526932
791	556778
860	652053
1030	502108
1184	826330
816	548556
504	319682
632	416794
744	470873
677	127925
804	631593
968	747700
550	288886
1106	569304
583	386069
925	610716
739	556515
818	242202
1067	401576
590	398627
807	371250
903	851171
673	477242
856	712671
1102	871603
909	434940
931	649084
502	242473
432	230906
1091	956883
1019	666749
988	589004
884	611995
724	567712
682	454127
697	393205
1100	537060
782	288730
856	552506
583	326816
1112	714708
1131	742685
408	293463
691	430850
1051	603536
806	661203
965	523867
673	459442
926	811061
931	585284
760	407566
684	358634
965	519885
749	364318
887	557859
1139	746888
678	433078
754	458884
997	216845
1216	834841
826	390925
947	594079
777	455211
1065	627389
813	560493
695	452427
1034	614304
1059	809324
798	472796
866	671153
658	533180
544	409938
738	434543
777	365735
843	748007
866	498412
1017	654440
841	477662
699	298667
693	335691
914	459089
497	220096
607	465132
689	364081
865	571015
779	475249
712	466265
751	526000
636	495041
892	625774
556	398799
522	355331
584	314959
1138	485844
690	400199
805	467383
817	606256
885	480366
1112	479007
602	308186
922	772870
951	556631
1096	704808
886	418474
820	600261
1218	803952
480	323648
907	622770
831	475114
507	396599
719	402855
825	650919
768	436072
1268	993206
1085	772298
553	160944
1057	837110
764	460492
805	549646
741	454065
817	453632
835	510668
549	357068
752	552176
799	323174
1002	661272
949	612595
949	512171
674	504351
592	391101
580	338076
668	342081
908	542619
967	695292
554	349359
484	233808
896	616624
1065	395060
675	361852
759	706858
818	316150
1022	217759
784	571899
1056	768245
920	602791
444	199808
976	333668
866	501529
974	911194
844	369711
611	230925
553	393994
593	394974
729	503478
1069	785680
777	477623
366	147664
1032	743505
422	255571
701	363122
721	399294
775	315192
679	520057
1019	536115
1119	804923
586	351408
1052	615937
883	718518
657	315885
642	451334
807	664694
777	467087
1297	670038
848	506045
623	284699
773	622548
850	559570
422	217242
947	801100
816	675451
406	224902
577	274067
838	599417
481	449873
1069	770451
889	443966
739	489898
1084	742091
1063	831313
683	278928
553	415172
919	569227
788	571089
701	560140
1251	614321
730	438523
884	537954
1091	829132
743	332232
790	333866
848	327158
684	413811
1006	566685
779	549073
1063	549957
916	599195
922	663051
470	325675
1063	385846
673	459825
833	410860
1032	814720
1027	784941
533	275447
735	213912
1028	566871
505	145551
692	288509
873	619695
600	434164
1256	698321
923	594523
964	498605
866	318336
888	708567
708	537793
837	660893
785	291783
927	647652
767	395197
772	524862
804	562073
705	442653
926	439609
430	286310
601	488691
363	188664
537	316189
735	511614
585	387383
700	408782
964	510677
819	626955
918	706758
541	386301
408	191434
923	755229
701	315386
827	479001
987	679006
1014	668439
909	608279
833	469903
1012	510783
980	405673
744	413990
659	388592
974	698172
479	269827
1024	460915
1038	658543
516	300100
801	569332
1259	705341
848	486213
708	385458
980	540985
852	271364
689	391260
559	390113
702	258014
1079	906799
528	313511
949	574165
992	855906
799	370783
714	302220
961	603278
855	515074
530	392979
839	328526
718	189906
571	466759
927	567961
1215	786328
594	493246
915	435547
981	606268
646	329069
595	296621
765	630983
703	246323
860	560901
708	330351
674	519036
540	335558
936	384801
1124	723370
828	419690
917	499703
991	687466
545	344787
836	520709
695	507783
809	601783
761	442499
723	463374
600	421174
785	489684
843	268230
710	472324
1166	539122
592	277678
885	431399
970	767208
834	682739
864	641969
946	553275
732	612355
753	488484
609	381427
985	487270
788	324521
504	261276
699	195441
624	231970
631	561635
692	503614
674	418095
848	658177
1064	665525
641	318320
747	499990
1073	465983
699	458790
531	290479
909	551999
895	521846
532	188372
950	570914
620	254576
1133	626634
971	547649
1008	567637
720	467834
866	357096
1026	499089
557	364197
907	723479
1036	631452
640	479890
576	493016
951	489731
1017	675725
798	453813
997	398463
588	368172
985	576399
969	672997
803	567385
770	564170
740	537886
708	352356
844	598942
1012	528573
763	400666
849	654771
958	625252
819	394285
987	733603
1004	541268
658	401227
490	197710
695	436295
532	300243
746	565276
837	427684
784	444450
985	573371
637	389329
692	546452
766	292233
828	459966
879	583636
999	592461
645	310488
280	212952
1015	569299
902	552539
605	510193
686	474339
884	430736
584	491008
995	535596
611	220721
563	327634
891	358317
895	816612
659	293703
728	300877
702	283192
786	457237
686	339950
752	343451
975	604847
593	313003
617	492810
662	398457
650	342310
798	537098
804	403158
1154	713359
833	383610
1321	260190
981	749710
1121	693120
703	463730
732	190466
695	536522
888	674713
1034	690862
538	430319
809	532762
867	598626
728	560286
822	355648
748	375757
533	260851
686	454467
828	375672
821	557941
641	480011
831	447595
752	525503
883	439055
737	566376
571	374653
890	488313
718	436210
976	446143
589	135542
888	596230
657	326776
880	545472
954	811817
999	609011
498	391290
918	342364
687	493943
807	571270
1003	569609
678	552188
1202	977251
1107	700877
835	561248
501	210578
878	501902
900	490129
796	441113
939	400386
696	460599
847	614526
838	818310
766	483893
608	342671
966	797505
831	398590
618	412779
1107	889273
913	746767
827	580952
869	533608
690	358527
904	469424
557	424075
1216	773474
533	237727
717	397117
406	243040
981	534337
790	576397
465	410112
881	540827
797	438675
935	522721
923	699943
723	336183
777	420963
836	547159
577	298890
679	480973
847	667543
591	446250
734	392211
810	557280
810	630194
827	616176
754	324954
741	435307
757	587166
900	507693
1013	746804
600	485599
837	545009
617	442793
530	328256
1237	892860
1125	735065
694	465282
900	572984
652	438725
885	453277
431	321584
901	608670
857	449191
883	484539
846	642982
934	434155
1160	516830
913	336906
832	535468
687	349971
822	363502
388	240027
777	567144
1064	708064
577	426679
1176	601992
589	269159
706	430899
619	284863
875	403226
521	407616
741	343898
742	381649
745	495471
873	568711
1032	416596
901	692500
865	515102
1253	645803
839	524052
863	512401
800	489942
948	489030
1201	668752
1096	561852
1029	473845
764	522490
1187	727037
843	470577
892	466095
724	454901
592	377635
624	250934
737	586345
837	496442
1196	418230
356	301253
630	438771
891	488773
530	414482
638	291997
826	299918
665	424424
622	505453
616	480654
900	576682
941	591547
935	680056
857	502081
808	502462
692	529687
586	321404
871	573505
1014	489333
913	502351
949	397483
723	554663
1120	822589
924	446940
919	683581
720	459632
967	437622
824	522278
426	187666
787	474538
620	229802
608	458658
887	490072
973	783008
899	689266
951	558481
543	364793
633	417647
636	570611
686	597118
1038	700878
718	433142
704	401944
789	616159
596	474185
804	578852
1131	763412
983	552775
710	473146
908	571891
731	623149
761	338351
642	251222
507	331576
714	473116
911	702247
876	610925
927	599879
665	376702
839	723257
929	577075
680	299002
570	471816
904	698965
1092	760564
702	473957
798	420715
576	391314
742	339654
754	634661
1106	653573
518	348719
937	720486
931	383957
696	487775
909	405601
623	276720
654	438030
725	290116
698	554384
923	772880
712	491443
664	441614
956	532509
656	470681
808	743313
608	255225
556	268556
525	193212
543	412371
672	419537
1090	412802
1164	824840
1434	983461
664	501298
990	586677
650	375378
491	358960
815	601429
1231	744483
945	580454
630	568183
927	428806
522	269829
849	617371
739	338622
536	483609
527	332302
1101	873071
650	282532
867	558485
788	558043
854	684577
1042	870237
608	542259
595	504767
867	639555
680	366761
522	323341
834	525460
525	314167
858	517120
1062	760437
939	651851
959	710616
488	425843
652	518727
541	460342
715	443818
922	415775
933	724686
923	301138
761	455141
1071	807245
768	382307
828	554419
875	543674
927	693038
744	580136
1032	670920
1155	823893
410	243238
924	421967
640	560119
1052	824240
1100	559185
954	560711
978	729681
899	513167
1150	880902
935	520755
619	305084
480	392168
735	376352
892	493853
795	445072
794	348433
736	409774
563	279577
942	583583
574	351287
1024	742893
358	278136
359	213234
924	659818
752	501021
1015	538856
913	651411
846	672729
599	356956
700	512770
498	118505
873	655850
895	514059
710	566536
936	701966
687	376075
828	347740
1047	809069
763	385539
859	344383
870	507129
865	639294
679	336407
587	457853
761	513770
704	449159
746	395666
550	330282
719	405476
814	445705
556	379348
702	364476
1010	386342
953	417167
817	527641
944	500039
675	474326
874	624471
897	713057
392	239822
1070	633252
828	631552
812	311304
906	407642
557	273131
791	534362
804	521865
379	227643
768	458404
640	374421
796	457707
590	302474
1066	736990
755	622169
820	482304
621	626533
947	749187
717	649056
589	417633
731	400263
948	552549
992	510444
668	583991
870	573742
979	534879
839	499191
667	355413
882	581214
839	560569
696	459521
798	406465
846	590420
656	355091
719	584870
782	432118
1024	805658
537	276298
822	612112
722	416759
761	374696
1027	690471
758	373659
918	623774
774	517168
632	506521
899	689391
590	446874
553	473411
663	383243
989	347705
1105	720624
620	435512
824	536688
981	464318
611	415370
843	512220
836	543598
813	451166
656	414388
976	714618
400	252801
828	555020
431	321889
651	433200
1106	648704
635	357639
926	511937
1272	675495
949	474916
676	390309
881	793187
883	555750
977	502890
620	353508
521	393795
558	389044
1062	597394
1204	774958
650	478917
650	333949
859	667070
853	423538
943	429395
741	431444
422	331949
897	459124
923	541706
842	485465
645	452230
1057	529601
330	248377
537	273476
930	677720
850	462411
836	490759
460	333824
705	368248
584	336810
663	475299
931	729975
1167	859386
1027	556080
875	416500
1101	580495
785	569265
662	397064
981	679836
386	180256
619	364247
759	485648
583	356007
913	803335
846	588153
694	262906
665	350084
766	572533
934	501323
928	516060
889	586558
500	260699
1046	499707
547	364376
686	457355
850	330458
776	293072
795	554170
718	483057
975	542836
1158	796725
557	401921
708	559495
1019	672932
602	451603
642	268769
912	828764
922	485562
1065	880792
829	539981
1011	275951
924	518005
664	303774
1031	644377
902	552373
659	315816
980	852684
1107	879956
830	326137
1194	918681
519	306105
865	497477
1128	672706
950	543216
827	500031
550	410397
912	498868
1053	527875
638	197219
1026	527659
957	719171
589	330182
710	404727
920	711933
883	396096
802	593569
906	556078
773	398042
883	572218
786	463936
932	669601
691	400935
747	437744
1178	611493
1012	628392
960	710822
692	504142
787	225961
968	670021
1022	529435
674	280466
818	553502
587	453114
1161	965710
515	302936
614	289597
1022	537011
638	319038
771	415365
392	204653
823	593280
581	356004
740	413835
628	370394
1143	1006995
506	251402
569	284484
605	448830
680	344531
717	381510
1067	897000
824	586124
872	435906
667	417775
1009	414250
713	270938
804	387564
949	358269
729	552322
701	411631
774	464915
968	920263
997	448164
747	583427
759	366618
807	400058
838	365341
543	406982
796	379892
527	410507
686	606217
670	270899
1099	493729
967	434792
887	482731
611	454456
652	340382
964	675441
878	841162
407	118306
968	747822
983	481811
844	425249
566	306570
812	546854
1001	750101
484	341065
1036	812912
792	532216
726	384496
844	496437
606	423311
943	573512
978	613483
915	590793
748	252383
1048	701327
789	448028
1026	655701
1018	658530
651	420105
765	447452
729	382299
865	418548
699	367664
571	416105
693	535889
891	539213
1017	592414
815	419361
866	491926
924	539837
963	628651
381	239280
713	270289
863	350559
868	376584
756	366571
641	415439
1047	447169
913	439272
1136	721871
771	378207
790	688352
825	716807
519	314702
821	452752
743	496445
1048	730698
461	167746
599	399802
762	322191
935	596112
579	288139
568	460827
597	301039
529	492616
640	296984
1027	505277
967	400565
1302	787773
833	620105
552	407199
869	696039
623	456290
677	374438
541	202133
953	631376
813	311716
639	357349
598	419828
845	629604
868	516928
827	595531
905	418411
842	452765
1231	728380
948	487618
1047	626297
828	626398
571	329199
681	295912
740	341539
636	475661
775	450877
801	539733
843	353641
667	220621
711	409426
682	322712
1075	739095
861	456238
611	547951
795	543788
725	540245
860	535478
922	565403
937	483035
748	519386
670	624337
699	532412
631	228193
869	484255
919	726123
845	449572
788	471855
701	556736
1129	794940
1024	495122
804	592524
896	782227
831	501175
870	556517
652	387384
915	479642
1194	759724
732	468629
710	584069
858	450510
984	546537
1172	543918
986	382971
831	602535
821	406807
996	431006
939	785334
941	565303
734	370847
857	618032
758	484729
1147	479601
921	774058
998	682786
545	348145
745	483876
878	333544
842	562894
569	395848
752	421320
642	496338
1009	404716
582	297238
618	466886
1174	750863
585	362839
707	339568
536	259837
678	352775
637	422556
499	257667
612	320678
830	441327
471	250639
551	412786
857	454250
871	654008
936	629874
671	414638
589	545049
732	314423
901	383434
817	476879
638	352506
712	316191
745	607900
729	430375
748	483371
493	336752
595	152344
1107	634428
466	300043
736	599960
901	533148
798	550442
693	399525
834	665604
678	414140
904	546181
753	521137
543	412864
915	515397
747	440504
732	514373
801	608473
1261	735531
963	541940
596	229320
934	562842
854	554384
553	237406
633	375328
960	649133
637	447281
1133	704384
893	628812
984	622317
663	377048
715	306048
923	872818
511	370706
695	591910
900	806271
865	614716
825	433814
938	299971
998	480152
860	621311
1250	819850
660	541303
898	496547
1099	648343
766	442199
1062	927050
554	187309
593	317533
669	391346
931	614228
671	480906
915	449521
803	390076
719	423733
659	465550
976	643410
715	490579
754	411590
804	528988
574	540412
780	639473
1051	383344
1408	894266
930	651530
1013	581556
738	428119
595	205513
549	414665
1089	774343
382	280361
530	380894
789	486408
590	374439
575	367815
773	575647
880	570304
829	530071
759	519538
711	386117
1048	682039
629	490673
836	603183
587	451993
1027	623847
803	428157
608	169908
819	613595
553	433411
711	420913
722	223352
576	301670
542	348857
823	592113
815	486319
791	583893
702	431426
662	597493
746	368427
827	566039
716	509622
754	536677
778	599808
805	461810
966	811968
1044	596286
852	571909
710	377203
424	243350
817	591305
660	380943
722	448067
909	646083
914	764185
815	370290
886	676111
776	514340
993	704183
743	519760
645	521642
845	732427
912	270237
569	223095
609	585136
575	331247
605	357382
882	609912
848	539517
711	519801
744	415706
885	456557
1057	691625
999	446044
546	182732
852	316999
870	649697
825	707691
921	657096
713	405643
515	319485
554	515264
995	488845
845	253317
570	402147
787	522040
725	492961
1020	674578
845	385059
976	621827
795	717695
1102	584500
508	316325
910	602378
647	365614
706	560340
879	526270
1002	746857
833	475420
910	578394
802	399088
859	467556
806	598413
930	736530
545	426977
528	408829
587	425518
797	420801
946	476775
580	285143
562	325131
933	664993
864	651395
762	452870
1188	743727
750	292734
878	529569
924	363179
756	468704
539	289335
849	378045
592	393494
631	523911
897	640783
648	344509
711	597241
909	467975
589	321847
892	587932
632	531427
677	300777
876	704154
788	524886
980	556973
587	371269
956	472443
418	294105
744	400332
678	507533
582	367426
629	383757
1151	851130
858	701377
949	653760
756	456790
1081	578082
999	673019
909	771776
669	312338
659	456552
954	719244
1024	446308
1048	575024
1055	618220
939	469696
714	414244
992	659085
983	325702
976	622464
651	462600
791	661234
804	424613
776	404676
803	515976
768	398307
780	630571
1101	693895
800	597264
691	447717
840	378109
736	374187
1002	685260
771	512087
824	468990
1028	775870
824	583911
1051	624338
899	718743
777	327593
1152	670614
666	490634
618	157398
694	379775
843	562725
837	360900
559	351053
670	352168
671	476028
846	402797
948	680712
844	423071
946	833913
933	650487
705	332282
983	752700
966	474803
685	469412
882	310226
856	442669
853	538440
752	576304
921	526088
702	312697
953	483279
856	468716
506	231009
689	497438
633	555458
782	409037
604	347935
1221	520600
818	455149
1133	630699
812	290665
931	399199
762	600462
970	708243
851	608792
894	595516
674	469045
1201	558828
856	566057
807	478962
440	314589
928	487767
559	256453
766	339848
725	588434
841	630205
732	439154
733	448110
743	508340
954	750854
982	653112
630	256435
699	347313
629	278269
992	699514
850	792438
811	557708
833	634077
848	562365
527	171248
612	325580
764	487429
708	382558
678	377425
1021	558971
473	373273
489	329850
706	417900
886	691379
714	519045
703	642604
667	635966
511	326723
927	701101
570	219773
792	516314
615	433691
942	564925
756	594794
744	512295
881	522187
494	302512
712	398408
835	438972
884	577646
498	355278
881	388423
840	650276
869	638363
911	585464
702	508870
810	597527
680	440048
1148	783785
503	380806
930	333770
662	373134
679	424436
807	416143
549	375312
692	520169
829	640820
401	324867
928	672763
993	286648
759	342982
553	428450
703	468023
812	405918
873	779325
750	467547
587	441105
1087	698364
505	290848
519	317596
671	499851
479	282561
1096	821669
1069	496066
856	396592
1000	737124
776	380854
820	415899
884	449657
958	624761
1049	791794
637	483024
789	376006
541	406076
980	783294
865	467013
683	380500
702	423229
791	486126
623	339877
697	372685
794	358405
910	890409
691	416583
826	524097
761	662389
691	563238
654	407235
797	727385
812	369509
800	453936
566	362164
717	366452
833	325715
587	220376
942	596715
1089	455635
760	524795
956	752926
709	547732
691	232269
630	312604
1111	692273
583	329809
1002	708390
893	702814
745	427483
540	232400
709	371040
719	525716
621	498611
851	579073
650	412359
923	463231
721	363675
913	485751
1165	758999
778	354205
1102	906915
951	506733
802	744469
1007	778690
1021	740048
972	581365
795	336994
786	474739
939	439804
596	430831
913	440296
1102	494086
595	359403
956	853870
1112	678010
574	396891
773	524191
850	367342
1141	300770
1086	684274
846	609168
810	299696
871	256909
482	386676
1079	796772
1243	1000088
820	732429
998	444976
699	482019
578	311413
751	543250
546	328539
721	415602
643	398637
907	526565
458	363533
666	434629
731	436909
631	315425
710	453367
826	485177
980	546023
993	538600
457	360640
891	502422
995	631463
531	375084
1157	821922
834	376504
965	632611
1168	796318
1224	858713
786	443450
643	512690
413	194155
678	282388
474	369617
879	414541
651	373672
697	399231
793	551088
777	401790
543	373294
1144	495777
679	417842
532	266490
622	327696
954	634355
1022	405149
789	428151
963	644541
712	346960
985	887428
838	522614
682	442075
407	151924
652	308393
662	521051
972	700249
655	352354
703	448705
1060	451451
805	471147
696	459864
775	629341
954	662594
658	433420
775	400824
892	586752
807	493594
1253	1055574
623	330057
555	306199
1195	885032
1146	865940
643	498590
857	422643
941	544483
814	533662
762	310193
679	503985
649	316762
1020	545045
760	409187
893	676454
1016	654339
893	638053
804	556945
759	676625
932	634766
532	374765
808	699245
960	548514
647	453955
869	837383
783	452633
678	366009
803	737581
844	273362
962	499758
744	257840
958	581653
865	555212
670	370362
899	551895
777	569529
560	261714
1022	430846
861	692674
672	446060
1145	651888
1147	905716
786	594512
800	410257
953	635701
618	517908
1096	604128
964	489276
1031	689135
798	425572
1173	799575
698	343246
706	449239
936	520152
790	456701
729	293588
684	374493
770	331937
1270	679842
829	420459
713	558777
719	558598
827	450137
514	308163
632	370242
968	641076
489	224105
953	481443
765	551899
729	662236
658	435743
912	467429
768	470899
672	520536
595	325457
552	193600
805	365377
577	395070
702	596073
841	423877
1003	554909
860	352111
743	471661
686	399745
849	372543
1052	451453
772	475398
917	694497
1060	790573
935	688805
982	458416
429	317661
892	600604
817	440161
733	648093
992	497792
821	495476
1023	749659
823	534575
930	477730
1005	628657
703	346352
775	425578
772	598365
903	479081
631	517965
639	434622
766	500988
876	581025
784	561162
1198	757494
958	587123
1024	587590
620	514497
787	388279
904	670945
628	391887
513	271699
1172	953531
669	489046
653	401062
650	411042
704	331745
490	421602
1142	774909
697	516754
521	346473
799	381196
724	235874
754	418548
1161	767283
868	601061
966	467854
895	636233
780	391464
685	476121
658	512334
738	592998
916	694302
814	494473
723	587337
1004	666604
694	533418
810	553105
405	302313
978	498782
839	582723
612	398630
1099	764064
865	473658
907	563426
572	375294
978	612418
1015	670525
565	369050
829	486202
547	503449
693	603112
787	479218
901	717065
859	591004
570	306275
784	571847
1170	843787
627	393310
971	680311
994	724677
820	569234
681	369547
810	512926
915	630541
629	187269
1022	686580
821	427573
621	332177
734	477775
772	468692
775	629165
727	329415
948	416478
667	539320
640	417459
685	545053
1003	532210
1132	803872
576	380937
619	385147
740	622162
793	347052
930	386010
879	376582
685	348146
565	398694
633	353867
959	625107
721	451070
854	345082
958	573503
1077	834119
874	541125
875	747465
645	371535
522	244266
631	483263
864	533473
696	408272
873	527715
573	298599
562	342064
806	436345
776	431966
961	633159
1078	565509
810	577914
886	685166
847	493982
570	341990
752	511628
828	341006
769	497636
622	467872
898	766935
760	388140
973	817810
743	611900
822	638611
944	646163
840	389531
583	270409
559	459423
587	426682
716	415928
481	301158
464	386466
951	389690
829	491752
855	454889
941	673071
728	477518
1022	296913
760	432601
724	378452
998	640761
977	742821
857	470865
1130	753383
883	428152
478	366275
952	708516
629	487934
856	537434
428	303227
672	496320
766	505566
708	431354
899	526543
927	347199
980	723470
547	492375
552	270478
745	611955
764	445059
627	382065
851	483495
681	454340
743	598678
1097	624672
713	375034
469	380997
916	317144
494	397715
731	434785
797	562046
1028	768089
890	438507
870	562054
729	228944
738	313539
702	351646
642	207997
839	575569
684	486381
951	514722
1024	710477
806	535074
759	384525
554	163636
811	370858
842	561570
801	528486
938	855181
997	309612
1250	669606
591	401902
947	546642
745	543768
614	393992
828	711134
828	506488
1019	504829
1042	529933
329	275960
627	327252
784	394498
947	630203
765	392349
744	452258
1134	727188
838	500107
763	576311
642	371482
706	486506
625	327281
878	466663
907	686055
790	699354
709	478284
761	220631
890	446994
687	553890
891	562663
662	32017