892	556063
1177	626442
1062	434118
859	484124
682	594016
1045	440862
710	627160
1029	747958
700	365326
947	447213
691	593747
926	433801
968	467081
662	482564
1143	713575
787	455659
869	503842
966	439008
736	435154
785	383484
1111	677638
820	504131
814	608160
614	270887
840	503167
520	450790
837	432739
1077	548042
656	559374
438	310000
629	464279
938	487886
801	621662
1011	284245
806	471045
815	379263
707	529531
761	393920
717	374723
722	387990
670	604778
701	403533
755	283022
555	187420
914	609951
583	384995
610	467363
869	572672
990	491045
766	516329
958	602899
779	524164
791	502110
733	511031
728	336760
994	575506
749	625351
1115	566430
719	423204
734	345729
850	329192
704	502868
1029	695569
1037	708027
999	656716
669	554973
843	456689
840	552823
877	515165
998	527878
1094	842995
924	575829
994	470927
600	475417
832	598605
795	450606
803	231400
987	641202
789	491000
771	411682
900	452347
878	635004
539	219439
1058	579945
875	648515
716	593842
1090	808962
676	300600
661	512184
680	358492
753	315815
662	277147
893	598453
857	582255
753	411117
737	497907
768	484659
775	397622
562	382243
1034	596606
780	443975
798	429716
490	257510
758	582560
577	445465
1052	586288
701	384500
790	676035
616	411778
645	266097
741	540776
637	315787
714	561971
803	612450
878	703517
965	327609
1078	764455
997	546688
1085	815432
775	410229
939	791812
993	587561
862	793780
1049	673802
783	612323
481	144804
896	772665
817	438794
746	704483
699	309567
890	822117
1167	860932
1075	425022
1066	414414
648	389128
754	557233
707	597986
587	494053
287	180515
903	425840
649	334856
1029	479978
703	487167
988	550665
669	333745
658	410567
1021	645719
827	595492
661	290959
960	610340
410	135658
617	443297
1198	698009
659	301546
574	478392
568	391131
377	301451
917	579883
1090	403090
880	494866
658	609085
658	460120
915	453884
964	561196
601	314906
1054	468940
759	544554
846	281800
841	541721
924	400491
993	433925
728	299602
989	593806
1041	889138
584	438275
969	629212
922	554945
596	413264
660	538044
889	550998
980	634163
733	525529
789	542937
696	409806
708	382481
966	415755
1017	481742
720	348661
665	437762
829	467341
819	308419
816	510262
679	458627
877	623270
968	730250
882	758512
937	361653
699	513821
878	406798
792	673474
611	415056
608	508417
382	247228
737	442581
735	481400
519	351532
670	383834
874	480046
1238	729224
851	488398
758	418285
917	409095
382	256408
959	602912
1152	649022
1072	986508
686	520708
582	482074
733	542364
711	605137
1070	734307
902	784368
746	593099
805	612101
655	400424
562	223003
719	533952
859	580360
877	523396
849	339288
714	269271
1001	824759
656	469614
975	908145
933	403708
799	510156
667	459948
918	574356
820	586795
585	524855
1083	506817
969	875276
792	414804
547	329143
772	423364
746	430144
654	347724
975	625097
817	619631
882	633682
829	466434
674	422847
985	454871
918	681804
864	711501
914	592986
1015	483784
717	256333
581	473806
823	464034
746	237949
831	533021
767	572918
400	305430
998	912018
933	599188
852	502281
505	309943
666	526702
947	574170
762	450165
852	448350
840	487284
738	476897
757	423561
1006	551574
780	474915
858	615463
916	446996
753	321102
755	354320
892	735467
629	351146
802	672526
665	494156
700	416960
713	365645
592	349027
977	558724
825	507086
776	527273
785	438676
1066	553960
714	542583
895	533008
667	427223
954	515540
794	405444
952	416063
420	335173
721	629730
1032	865641
753	461756
868	444451
795	574610
907	427813
734	408998
821	695097
839	567700
1187	640600
937	729046
782	437498
938	754611
1278	1187141
905	704840
1149	588496
597	480977
665	512767
894	349667
632	480414
1150	354297
414	239540
635	195649
849	663272
900	668040
775	327361
1048	627987
961	451751
901	502799
963	379010
871	388985
651	465881
878	617097
1071	629081
695	325939
825	499283
678	572387
800	565165
723	444872
936	529394
817	492655
688	511724
570	350051
849	606628
1103	614098
586	457069
1173	683982
847	634082
712	482218
791	512731
841	564256
757	527481
941	511785
811	312256
405	177128
763	414700
862	548179
1219	710304
597	362257
1077	656237
1003	817466
893	829855
822	639587
544	478416
613	290503
574	365388
779	530834
1002	431183
601	513715
675	429403
997	553318
567	405344
824	434332
784	701145
906	431774
841	340384
770	456234
740	373592
735	362773
669	419968
714	463933
1034	883868
814	523277
776	495442
574	162287
1042	649499
850	454443
606	262016
508	186744
728	511223
840	392661
856	463238
749	503668
815	399407
995	783606
864	605986
894	631497
533	388450
920	511275
729	351415
680	210868
865	741477
1088	546543
827	560782
1127	436804
614	194932
822	432496
815	474044
713	312936
585	486354
993	548237
1054	828413
530	241889
798	580974
840	554803
974	784404
751	510003
547	297256
543	323955
963	507082
574	369333
937	463805
765	568428
815	477937
710	447248
886	282173
766	649993
804	463510
1100	602820
849	504133
892	601869
683	446673
816	475031
1180	959368
452	310224
732	331467
702	409486
814	297584
1076	679688
726	369263
863	481472
843	314090
953	751502
608	346709
960	490561
1111	647719
680	580317
789	338790
917	444125
645	492202
944	722436
1078	613678
850	446291
587	268552
942	716897
632	380475
675	407505
977	765611
878	580095
693	330448
668	497823
1065	690212
880	571238
1160	850814
741	631309
1003	550894
907	620461
933	380190
817	566008
724	532292
1277	876193
588	376480
689	577916
659	372114
609	386028
777	623383
787	652726
830	461612
706	496678
942	401572
810	608106
759	484002
743	370201
1078	784356
560	333456
775	531866
664	283591
744	502704
853	454227
1118	712570
580	261070
606	551718
887	682497
686	341256
584	291423
728	356798
574	388264
1175	902352
475	339219
557	283934
620	373309
808	461687
781	543453
613	484239
581	442946
626	534463
1015	592876
711	415330
893	459399
716	467744
591	325629
1295	1081825
593	465849
852	460158
581	604743
697	397108
1069	490934
701	521078
935	493884
624	425171
594	193758
1010	816608
662	503144
568	339943
779	727298
843	712987
346	243325
910	881462
776	415021
626	339908
843	538424
965	780299
706	622210
659	383000
683	341274
633	307708
997	738072
946	225455
928	548492
491	213096
672	201103
918	498942
888	693820
757	535268
585	424947
998	621038
1081	470622
778	767951
669	368644
603	275086
1034	527300
885	635180
882	764508
815	562478
819	688534
1068	787129
597	405424
888	443472
923	613271
930	638256
611	337758
864	775771
1049	508596
972	672236
817	386127
901	765416
1020	597614
928	435736
927	245166
889	769732
786	437265
766	354748
838	570457
634	364787
755	512138
823	451884
794	478476
967	786599
839	548000
746	423743
983	600536
651	462066
1036	946991
381	284228
922	671313
537	426669
621	513912
342	167031
613	288115
883	630849
1135	678353
497	276624
670	297211
730	377682
864	360855
872	431892
538	298621
586	518850
1071	687589
796	497392
795	655781
883	521080
870	657992
679	433314
788	601764
723	355641
1119	880464
552	311889
1052	530947
709	482841
786	554672
896	674145
887	755519
960	571926
893	516051
1145	723525
808	404192
643	486315
590	322484
998	434689
870	830889
872	599459
553	479961
925	563145
815	380879
740	328822
1000	601691
784	536973
675	409160
1169	823464
841	520221
997	671437
886	702662
838	565863
655	450644
1255	870101
673	508601
769	470102
749	312801
997	681696
882	438321
717	655011
665	392679
718	471917
875	560187
884	650349
774	233700
1058	678355
736	357709
970	701212
712	375235
847	521538
476	373612
1177	808445
763	387075
983	595917
773	336267
829	556938
1110	809262
690	472871
750	602631
522	407350
654	219332
850	498183
670	462630
634	436023
467	421477
627	469519
1108	737849
609	418491
1125	863745
778	453072
649	590284
792	499756
781	549921
763	587968
578	344217
847	509448
560	359127
780	459223
679	531826
1095	569877
1044	733064
629	332916
635	327615
767	439179
818	324004
879	552630
695	384713
1056	618192
910	580192
398	194338
1041	660959
774	492332
1012	749535
804	460056
998	691841
660	419501
639	397615
906	487007
521	244405
921	723270
614	481305
1055	511701
932	670661
978	601821
1194	588861
832	637354
763	464840
880	535635
891	353891
1195	864536
993	631449
953	653774
714	395869
567	318299
499	411140
811	516468
751	364772
601	515331
762	481350
862	351151
633	347187
855	374180
1026	514523
769	380660
1260	672726
1006	655718
760	429532
931	662776
920	708354
826	564767
575	461401
642	358022
606	238734
1107	832316
993	471099
488	338174
414	318766
535	337935
884	361454
687	507886
707	482619
871	440250
461	212508
765	487477
484	433384
1122	560331
900	668810
1185	643967
1203	1018951
493	253173
842	503666
688	367754
1210	853467
833	455884
954	521377
773	468484
657	287223
754	558677
653	442785
630	453151
982	737576
948	643136
1086	896914
920	366015
959	496442
712	369757
669	385374
739	490603
924	534174
525	330090
976	696746
877	573870
955	603728
775	542381
832	634146
922	491623
702	412408
771	489500
845	628729
666	406914
992	603872
800	510429
991	671369
782	594579
1008	346306
733	493240
937	613963
621	290684
1156	633409
679	390731
991	586806
948	403699
709	443342
751	515282
536	372279
892	435928
717	387947
732	302897
1015	615895
878	448585
558	545803
627	455791
745	601571
953	713503
683	589216
953	822474
851	536711
751	280323
577	279303
911	755539
1142	893643
801	489591
845	544945
796	454796
1027	795975
836	562152
713	513005
685	497564
988	620900
779	306500
1028	719664
714	367108
717	346312
699	621108
901	525148
774	383098
730	621949
683	597598
839	713541
734	379211
782	457660
429	263873
832	503501
1056	599776
541	291725
740	700627
902	594511
942	834804
929	532916
889	622826
1041	591853
560	403266
830	505544
668	417312
1075	683479
968	571594
670	349941
824	645839
624	440607
659	518558
915	215683
873	270917
717	406009
834	417657
890	698722
1014	604945
648	523961
684	574023
682	525499
1036	637677
737	505737
967	660018
1079	419377
1199	732785
1070	623785
892	291451
1057	754782
1214	715858
830	613653
871	531523
1145	570121
568	314041
798	528734
735	442572
734	331052
630	248941
876	410485
1093	603877
984	410395
413	217889
785	498394
979	809563
1243	922360
853	643888
1061	794851
959	787493
995	761059
965	660608
907	565832
675	574948
965	514114
885	522997
813	610029
711	348234
715	253944
717	475338
1139	812945
740	325744
744	346952
918	341859
1133	351059
577	420344
656	348302
637	414022
915	750635
937	308721
765	294460
558	394767
801	640186
680	406460
906	717285
984	649710
1023	624612
726	398742
931	642476
1015	468474
482	249968
652	431004
920	660297
688	484600
573	399915
781	491111
454	244173
576	282113
1040	810251
708	436865
1071	688365
1105	777440
578	346816
451	353236
627	470564
964	398725
1003	480417
824	541847
825	489084
1238	1001548
801	346766
882	647968
765	511328
989	611221
540	353955
909	569293
968	472410
731	470966
729	522701
492	236818
1056	543867
736	387576
417	356106
526	219754
695	437868
349	117618
575	282581
1127	891835
723	485837
957	350738
960	788743
930	697227
1218	908135
520	343877
617	361071
998	748321
704	560337
886	431298
898	312832
717	471844
979	581674
974	519405
747	511223
611	392482
608	329571
768	487839
708	580063
780	373113
795	717715
1016	631045
1250	631690
719	356265
860	512482
704	455507
519	430693
911	622062
968	646243
777	302805
915	611526
624	411473
628	412086
649	544653
802	643609
1084	748892
692	480308
1060	767136
960	708846
737	623638
730	279935
611	336662
384	200415
1282	854489
906	548607
897	792052
627	503158
578	409082
820	616533
393	170336
802	290964
450	245374
1121	718870
882	516374
587	379831
841	606788
947	408242
807	569961
951	705047
1077	897006
1021	533690
634	519405
986	664719
845	511156
695	250514
850	464574
706	511638
208	100745
840	544478
799	457970
840	598470
969	436105
520	253803
951	463608
1003	675147
741	276830
1068	765117
838	616857
708	427059
1034	605469
730	455170
835	495206
907	399145
878	534642
957	563058
799	410467
902	436023
1070	594930
914	483575
689	349558
741	654296
955	687905
825	420710
933	560832
948	863045
658	267859
1114	677393
722	453378
876	446376
708	367587
1041	703866
842	381255
901	724906
485	348204
891	592567
533	272687
1115	731515
1086	625158
781	517324
658	402532
884	535268
802	569320
510	263234
981	651044
962	723593
619	408997
874	533791
848	748229
1087	827912
577	350483
384	326810
865	703304
987	790937
546	337126
774	502978
861	669052
561	462542
826	485866
617	353209
304	227269
971	694070
708	480536
894	490054
910	602797
709	415153
751	324480
765	640524
754	360836
933	560253
677	261931
831	420851
926	271630
515	176936
874	623181
1057	867374
509	252938
801	360476
791	332792
933	674593
814	449169
1027	602428
1064	432674
762	350595
758	427230
827	699551
443	134749
709	346605
786	493949
801	341107
501	320900
875	459337
782	558946
520	349606
652	457024
785	450237
815	415333
892	443566
846	473623
787	642693
903	551416
497	269363
733	409544
876	419853
838	659478
993	699296
964	494965
558	264210
1036	603882
519	235458
725	393173
691	347001
689	357430
873	499124
550	362278
795	373100
635	329951
740	300284
834	378087
700	409756
765	445465
540	326761
691	521382
920	655874
522	239046
904	531613
802	548024
1000	475831
626	299774
700	460192
1279	631232
829	422818
837	409912
730	526313
600	498497
1201	846280
874	452308
899	572532
780	418395
890	455674
1066	531858
722	225907
676	455695
840	436053
590	291756
848	556912
708	565759
770	257965
817	345259
544	321744
910	601019
896	553277
927	447419
773	390378
700	337226
573	429110
575	485847
645	449886
983	775525
1185	779612
832	502318
1068	831260
865	650434
1153	956858
855	511225
912	500955
705	386817
599	432418
883	535625
911	479784
927	398587
1031	732671
803	701214
687	574680
676	609853
912	694457
591	406773
1149	786814
978	486712
891	482905
308	130506
498	231675
1003	808673
444	416803
865	528758
614	320924
852	601339
866	567978
644	289748
769	542293
565	406367
925	781991
1047	601859
922	621723
726	503948
904	488487
944	461447
947	689361
420	255776
961	456566
997	380153
953	294742
935	712447
947	658645
981	839612
1101	739721
780	499289
679	450231
734	558355
673	402376
975	551742
754	577871
887	432272
744	451788
935	539192
687	278678
818	718035
871	394389
562	373478
399	253288
858	517852
952	559510
881	560158
853	411944
802	524916
844	408713
767	568185
823	504347
885	445267
918	314928
876	395035
1062	380427
973	565210
988	667413
465	230569
848	797815
859	494849
1062	268213
708	537896
1020	467252
716	347520
798	547895
961	686843
864	323439
814	472817
795	444929
846	602802
804	534457
749	420336
630	374051
834	508175
909	690173
904	742791
636	440700
626	568437
735	438167
833	457889
781	589944
928	461745
573	440519
449	229889
629	380950
649	351760
680	563656
973	816462
878	548865
703	526713
535	294715
795	414053
916	338322
812	398935
682	306756
1146	634867
668	454645
851	464673
696	346329
682	500454
770	445021
600	377522
629	407085
1053	564266
860	586401
926	810796
925	615217
893	435306
750	499000
759	462732
493	316123
644	448650
642	234140
861	786711
996	704851
846	691396
1103	709481
1043	375078
883	630772
979	426099
801	576780
810	530199
850	526574
864	708509
772	545164
1146	886789
910	854931
708	497375
589	537664
1073	539713
1106	809318
899	798779
1073	655720
1046	576118
766	442375
771	476736
965	761632
1144	934168
683	380150
756	556716
955	412323
696	427502
730	345426
868	514438
688	515756
953	529188
497	213193
997	403797
812	645206
1082	785902
437	241676
719	489644
1055	726731
666	443730
643	428853
694	345925
874	520911
1009	590410
628	263984
437	218346
902	381572
961	424311
931	536052
892	520569
771	383324
702	392634
531	417072
938	632981
787	635577
796	436005
665	507684
756	471413
813	604069
1050	699296
895	701529
1051	700080
624	361102
438	370487
690	421268
670	416519
776	328576
948	543742
1034	716738
836	419874
814	598216
867	439585
791	480154
856	570600
785	421078
949	575455
879	261721
947	725778
466	193870
813	572320
732	441514
819	639466
665	398788
722	371011
725	672080
681	387039
822	390523
902	326327
1077	630174
809	457038
889	542074
1021	648438
435	241910
1230	650155
869	599951
780	454866
794	618190
770	573366
615	523988
1236	857081
817	693481
1005	514700
945	576720
747	424484
745	380738
418	200778
913	402569
901	349736
1055	585293
878	416809
941	608804
1059	665054
566	319649
673	446056
528	171149
976	624293
1105	889631
1005	542521
813	508578
1191	664198
987	692175
917	591167
866	527874
852	643648
1121	754191
909	731685
834	556411
673	465292
1017	573518
585	404680
913	717396
901	571369
585	137893
825	713097
429	343421
713	564031
874	483376
864	548461
824	454257
429	333069
830	649940
925	458164
963	767523
910	624857
778	519031
777	325927
792	327112
564	244256
850	538880
685	390050
648	434668
836	489789
701	615713
554	305306
826	629336
483	271494
729	302734
697	486535
737	541766
843	587736
791	412076
814	659442
1004	821167
946	657415
1073	626715
645	533479
1164	655421
1104	795713
728	361735
692	260561
468	331074
889	374096
720	624041
713	411166
684	300710
595	364071
789	406491
671	538785
794	452603
933	687446
785	597556
967	725263
650	436265
864	551226
681	400453
801	589965
804	596345
1135	647125
1093	475958
777	605727
1064	482731
564	418387
473	256630
631	320117
986	618032
912	468725
859	720499
1027	720021
693	420385
755	320982
904	646427
900	637172
568	297788
464	293304
806	687911
667	492766
1063	631729
733	561348
948	614223
642	333855
653	427707
930	567137
744	500060
971	921553
535	369512
626	481778
409	242918
790	232041
529	298378
836	316717
983	425720
636	533512
1180	775147
545	366191
662	405372
762	529368
873	717478
745	581112
993	772858
1059	592983
703	478007
861	460246
818	575284
635	285494
889	468357
783	490207
1022	706486
767	588289
907	459600
456	268986
1134	790163
842	464202
917	491944
1199	732530
807	500382
789	406654
716	515991
836	357981
437	251261
764	406639
1104	436960
1020	796552
1100	978584
653	397124
1076	566793
715	475429
897	502125
638	311412
827	336908
799	514633
1086	842520
824	364024
824	608810
829	706875
458	304357
903	471765
1232	691054
904	690463
864	402373
786	413874
1019	630223
606	377814
1057	520268
857	556423
812	631089
829	692347
896	526293
885	527970
860	646540
920	601799
539	314314
960	637509
768	590495
832	510136
735	559202
1077	783020
938	575162
804	510655
697	410557
805	457932
912	790251
708	473631
636	233048
624	299060
594	331078
846	444645
756	473195
454	364229
751	408580
624	257499
289	127831
865	529713
675	361310
683	330193
860	609291
671	412786
639	237512
860	536465
556	340931
678	486295
928	537829
634	453887
611	386521
709	444036
703	269712
690	579240
786	465275
846	729627
670	246525
913	618706
1001	597105
736	497428
973	699338
845	500765
834	506509
738	344742
466	320084
486	324696
1211	862652
993	452833
726	532774
513	391660
542	438139
733	414356
732	509643
882	587811
844	554068
572	475142
825	488199
1008	552137
684	445046
599	353421
782	456075
774	578485
796	614903
1083	622532
841	384481
757	349536
736	617543
1008	616905
1110	287526
846	604204
657	526834
667	416234
575	184804
679	308599
784	554728
815	373109
852	539543
613	434239
548	376192
736	567133
914	379758
803	659605
591	439598
800	413641
865	478732
461	376205
638	508977
701	373607
481	365012
726	587672
439	231444
934	624952
653	528880
569	132721
929	537138
886	522880
655	502267
766	505167
762	398812
1131	700241
599	244479
770	525494
948	343007
735	316205
932	373763
585	359911
627	416068
465	352610
1037	495709
979	654681
739	482534
406	293425
968	452586
780	630072
716	402428
672	544644
821	809915
893	492424
503	330779
967	930585
1259	503001
656	297779
854	632875
792	328430
761	436212
991	529156
1245	752899
509	275223
557	258316
756	429330
899	529347
733	394818
966	983914
1157	585903
1059	427271
1140	574112
536	274545
574	358028
602	272666
594	344212
793	461317
786	582272
832	606544
841	433174
1141	1074618
1003	829366
833	635993
1019	669806
734	417939
1167	637310
715	423891
825	680119
699	325883
1016	662822
885	602956
1096	668668
725	505372
604	470003
707	395466
695	579314
688	610690
849	615887
760	670321
1013	442848
1128	789338
747	484651
1144	554885
902	657627
736	507464
650	424165
679	543481
771	331910
1018	728419
618	261062
639	447411
1070	869630
738	341195
799	562476
980	525571
596	334241
335	123050
706	457547
746	553389
568	243610
1112	859728
573	386001
1035	445948
1102	819953
1019	582213
559	533820
1114	471766
828	370942
894	474735
1100	575636
1107	933284
885	566741
880	293546
1206	507697
732	447339
713	425579
624	398665
947	511866
463	306723
716	498754
796	367307
833	554159
938	455971
864	362441
793	465406
717	410499
677	428847
637	587840
503	245294
837	546910
812	435165
480	278279
791	556182
907	489952
1035	759974
866	578887
1003	746544
484	205264
794	509015
971	616816
743	467465
521	266020
790	527105
914	744611
589	303528
880	667610
994	701741
779	474211
900	540477
1112	921734
837	264735
734	371769
914	446340
711	541636
801	494413
880	550927
930	652330
686	469679
898	756722
988	626429
900	523137
631	582865
654	375318
682	483472
768	411215
811	677048
1244	931097
879	420126
1135	604201
908	560160
668	567688
754	375406
820	465886
1113	823788
1104	761094
693	432929
817	545113
630	265158
393	177021
412	275942
672	381052
748	570429
959	550326
787	458242
745	499351
750	311602
857	512939
1037	620788
911	311436
700	426093
824	508466
1003	686332
693	357761
983	394611
689	520851
796	488247
674	447445
725	494580
380	202604
759	515726
1061	692262
925	492843
782	407063
1056	693729
691	375502
646	379771
911	474602
758	411897
857	750428
1059	850234
770	374372
968	748414
790	540260
688	454317
374	192510
576	217075
672	438175
1028	757290
767	633842
976	644315
863	474184
831	435162
378	194832
476	279687
920	487491
855	585550
780	255211
849	391955
690	461943
634	336372
942	515588
1092	942546
512	298784
811	582071
1012	638628
492	320238
816	451308
964	513580
866	668961
833	502902
894	892579
981	637359
1129	686366
643	556506
731	536613
1063	997182
958	505983
1023	702465
919	641741
806	398581
971	501743
1089	967791
934	616907
800	529451
611	359378
628	521351
751	319693
1001	451707
777	332635
897	366913
583	429495
994	493180
674	609719
842	691241
858	669044
801	647133
782	349248
517	473805
920	466267
820	528160
440	207626
834	747812
476	280585
919	692535
556	253721
1018	938770
1168	752796
832	601636
865	255470
780	721567
793	358694
869	529112
711	507693
715	518361
1002	378885
732	362284
820	603739
896	680519
1149	739795
590	402640
534	219037
767	458733
1053	820637
1022	660013
680	422013
833	594544
725	633129
898	761158
820	537369
557	392803
873	602400
932	600855
964	473311
651	390535
669	570477
763	335368
403	251716
986	702065
1270	861212
630	502167
800	322676
666	217114
847	359362
484	348162
657	317481
659	542281
715	541407
968	556905
945	692265
1091	531371
586	317929
638	604441
753	436447
668	274526
808	532881
896	431174
781	433593
664	418615
645	319015
783	659302
467	362572
1058	341354
690	537363
820	518391
300	109352
932	600938
467	258656
460	202232
576	303295
719	316489
469	422759
781	489468
739	357123
1082	856892
989	595485
583	358534
715	464837
791	480123
824	510644
1081	713389
1012	606621
731	519718
629	509183
697	314190
753	596404
817	478059
852	718890
846	587994
611	254446
703	505169
1111	743238
617	352135
1038	749575
757	570572
999	550191
831	419562
492	278267
518	357982
810	677412
941	629117
750	606295
876	453872
980	640687
789	647471
842	416279
813	247020
591	314054
683	388107
844	590237
1248	1009958
1072	605697
846	753300
814	504139
995	560525
741	429252
609	560431
606	187842
877	869073
672	187457
1202	754800
904	418689
1094	544969
739	368756
848	582909
606	451454
723	534374
797	472595
1210	777611
1055	556632
580	476046
403	227625
691	371150
845	737216
627	458285
635	286935
840	404491
840	530513
999	524688
954	400054
696	494806
747	292444
816	481508
1176	775642
910	689207
801	498725
961	456312
731	559838
798	472351
846	510942
580	432339
807	561960
973	625271
683	339535
481	268313
624	415444
566	195569
1319	733299
1117	868784
848	384410
810	689271
725	604398
948	505789
610	342722
1048	824872
939	579731
503	319044
1133	880190
805	466969
561	320174
839	674105
998	501422
915	511900
572	459016
658	532409
932	753439
827	358057
740	394513
907	568078
753	552774
601	340049
693	482452
788	276322
818	476555
694	432758
1087	715402
481	285138
849	467910
736	399782
677	514299
1034	673695
936	488012
568	405704
736	193266
847	569238
565	395512
828	471446
839	448209
959	705755
978	755929
723	278680
1000	639221
910	459049
728	457812
800	612546
838	539828
1140	840322
905	512718
906	529763
973	635362
406	293475
926	733927
1064	505243
692	285606
1063	738455
602	472964
620	234197
674	409583
724	682803
917	553253
1198	709202
777	529020
748	457416
1085	731449
863	539062
1175	713383
926	639849
946	729213
923	607553
743	544584
737	485411
1038	657316
612	404009
988	625030
483	229210
743	458392
662	594377
867	643879
642	310768
665	261806
975	795463
954	546375
971	484963
469	227631
598	444456
435	127527
1056	391560
597	436034
568	399889
988	801022
696	459939
741	635291
462	255848
684	266576
655	409021
644	458763
880	234144
750	578627
782	499636
800	585161
1033	839100
973	486444
889	418415
761	464214
937	611919
775	499260
406	273152
1008	704304
830	491783
537	434766
684	432912
720	353198
1051	782397
700	572369
651	435850
665	449722
882	666717
896	753966
967	691265
896	558173
844	472916
537	338570
1111	811595
787	427642
767	460218
855	681035
846	488840
706	464462
905	291702
663	211804
814	455778
956	549329
745	340286
568	329367
532	312124
819	526380
809	331131
709	565738
744	451628
825	516447
709	457187
752	490171
552	381072
886	469143
856	355147
630	385674
649	532886
909	573960
1117	563844
816	502124
598	425436
1043	610225
641	387858
759	589267
855	632812
778	412018
820	636896
647	331420
893	455095
704	486738
710	566788
407	308992
797	600027
809	586914
743	360577
638	434591
496	260053
577	413931
900	587325
580	449759
890	497508
575	254044
766	546625
704	480281
848	574032
699	519934
999	595096
1059	686609
782	389909
716	475171
636	388438
988	545758
832	612264
692	463154
531	202150
1000	598490
430	374366
1004	604660
784	405330
675	596225
919	527863
1023	641515
660	396736
701	335152
768	433201
628	348715
672	254772
320	197436
920	387490
888	526464
1120	837723
890	483265
561	340667
599	311815
598	386210
1053	635626
802	597508
824	555547
709	455892
622	343538
1320	944228
848	521355
979	412045
360	295932
1008	709160
769	719760
769	424014
763	362050
812	254691
553	387640
836	466684
570	399853
528	340742
610	556089
893	618142
601	401991
779	435383
927	608228
683	496701
510	257049
687	527722
765	372144
712	431919
560	350701
926	529570
689	544906
794	464591
923	437510
745	399378
730	487645
422	275056
727	532254
1003	570397
871	566510
788	597692
629	187527
785	465908
762	564985
913	783241
814	623385
880	528950
763	546018
592	383721
501	406985
306	233460
593	388448
966	683417
604	390902
1045	708382
1223	941605
914	623299
827	477521
787	383300
818	485879
623	368335
921	761651
931	647304
786	324234
588	457815
988	547681
471	216030
694	502912
685	320270
820	628522
430	269571
828	636616
859	672482
615	406488
876	475857
774	437721
884	723474
461	430357
828	408184
564	344304
687	448827
445	315942
528	324814
1148	660444
896	632947
685	441052
909	408633
829	637152
682	418960
512	261994
558	386942
809	463140
614	447263
919	714704
504	231841
634	453191
673	293410
925	865596
653	318552
688	482287
905	679319
957	818169
615	378214
1021	748430
803	417056
831	478292
1175	781324
933	564712
665	332373
493	250811
905	804674
905	698356
666	326339
611	288795
727	488328
817	541591
767	394369
727	486005
756	374670
875	763369
693	472316
1165	682489
922	656827
698	458720
789	507013
807	415018
561	356229
681	397719
570	299297
568	387841
640	293696
999	878389
907	473306
726	452351
883	586220
936	580902
814	537135
950	677868
663	366594
1147	665689
879	505320
894	523607
676	325149
958	461580
714	571851
983	704089
831	445353
658	243373
1062	648142
627	265053
1156	878941
587	249908
719	340944
928	384752
980	683738
995	596388
817	475318
753	490002
742	384311
921	590692
786	381154
372	173807
692	515030
628	385325
341	282382
830	604828
741	354963
690	309090
929	509447
660	464822
793	360944
786	480147
525	262020
1003	609776
440	384325
920	661513
914	859714
667	327199
891	573759
858	557943
1161	1035245
835	649923
593	277033
929	560168
821	285948
795	447776
632	526047
610	470115
893	663728
909	599594
599	511304
1003	411113
746	298961
648	603807
1049	904413
843	623185
796	702388
667	387512
1145	848189
692	387351
873	452507
791	397195
781	311915
976	611006
863	626036
840	420129
813	496729
784	327686
924	447353
881	587532
739	487510
1015	625468
725	263311
748	557384
691	421936
509	311049
930	746140
564	427218
1023	743528
807	397102
958	667990
746	384725
654	272730
794	625380
1149	552518
1002	526250
900	657937
638	554637
897	564900
759	276711
803	714208
740	584425
977	450297
747	525672
863	264588
769	436694
787	281222
487	299150
923	510913
900	279965
558	293898
851	583120
709	543645
474	297864
526	249275
590	302047
801	657768
933	597899
840	532882
753	394599
809	594126
783	363428
621	193608
1005	603873
565	492838
713	437377
702	464894
1088	661969
672	433862
781	525551
537	307045
687	566687
615	418824
731	375847
897	594189
539	396045
826	353246
787	743811
654	431547
719	299569
818	478765
779	641127
737	476369
1180	528567
486	256889
710	237688
684	400642
758	425021
567	334101
784	220542
898	554196
957	597311
1047	377724
1080	504905
889	698242
690	561448
519	261843
849	403993
508	197053
619	458187
1054	835893
877	637688
873	727491
296	170422
706	610623
934	723574
845	607797
1013	659488
624	274384
788	337143
1160	831584
706	465592
1110	542703
721	371870
808	616572
724	466344
698	317962
580	407907
570	325623
807	428446
565	230343
747	513034
674	484617
1000	465575
921	704900
766	557825
919	501426
396	237948
831	359443
564	315442
591	294222
1159	752547
1058	793344
995	328355
1296	1064364
632	459552
430	297524
511	286955
876	725345
413	198484
785	479745
827	549671
793	502533
658	463635
632	260638
806	645877
1083	592930
841	564566
1008	597838
878	798993
811	654198
872	351427
873	592426
784	497223
592	263952
1120	738129
802	504203
1056	630911
811	411509
650	471488
737	517516
1274	915455
780	237770
615	354020
601	395223
794	449640
1182	573551
1070	662912
944	511680
703	366028
883	725040
606	238413
700	547840
938	837931
779	528881
515	232757
719	344586
626	422314
1165	858612
1040	641696
545	470649
879	526171
1020	599370
677	432314
1074	714629
764	321207
775	716668
772	693171
843	537652
463	304933
854	445669
865	420512
1020	533550
758	311631
914	450960
559	253619
915	499014
826	333809
286	135091
642	377872
648	440219
874	447706
1027	475732
1131	809333
716	459066
879	673258
809	347621
961	658224
946	509781
617	440314
1159	584449
652	243643
570	305284
486	285849
961	550651
853	474016
742	510658
535	240857
983	717118
818	592500
802	463052
1006	724989
859	487276
827	467842
988	349397
691	448706
1246	852739
628	494388
652	402401
854	606451
615	248095
356	165550
736	578348
770	545495
884	486057
902	527207
519	350779
492	385069
718	297249
599	266171
471	406510
557	296941
785	442948
843	446033
840	626548
1238	1058818
768	538502
771	525129
1002	512353
950	569145
1169	774062
360	281833
743	695537
841	370573
725	333136
1016	449474
571	354529
964	604493
949	640859
906	628824
810	584103
706	405334
846	698361
889	422676
799	516819
581	423228
622	490386
866	649673
630	613303
822	425357
878	662008
542	216089
397	263987
500	371463
756	465772
990	495695
721	538480
933	711990
798	484962
869	660768
840	510103
982	523119
560	176451
968	541992
817	516301
794	399791
677	374445
672	428064
785	622599
741	571085
834	618295
633	347738
906	589812
803	639114
1153	711892
616	463674
910	426930
984	735488
668	332247
760	573006
804	545669
878	428525
939	588820
764	589587
466	337666
983	617714
1086	641249
940	493667
845	585246
911	564986
621	335492
810	376908
996	852646
1015	890438
626	413766
672	496338
1061	688630
896	823770
904	480817
598	441542
985	759491
674	383125
490	394164
975	643462
680	341998
927	506746
547	272646
1007	656552
658	325108
668	225986
901	636172
588	543778
655	444184
653	548992
592	509103
440	335586
799	409341
710	344159
593	374298
540	323766
973	570544
662	414236
541	164944
894	843085
1124	878951
653	276471
781	578910
969	583079
520	397674
625	482292
603	401413
780	583208
531	164264
904	798796
887	422203
788	520340
996	808042
793	481687
909	780428
821	567153
691	361744
921	358577
639	436221
728	318984
1007	567339
660	358492
874	494507
750	281603
932	405734
915	537315
599	320288
735	635352
628	390549
863	735389
967	487334
891	440516
839	495074
660	448400
763	607501
811	520833
874	697388
937	726921
574	348429
797	457661
595	301365
1220	850879
781	432153
1008	768270
961	628590
724	443175
944	792629
970	535332
774	359306
605	294933
759	502180
847	582735
608	479676
801	641319
806	608050
923	623647
866	531885
569	346546
426	329419
651	520080
981	802525
1245	905152
811	495888
808	468167
856	551045
845	288006
791	308039
735	587828
706	438733
670	340080
872	731542
1107	490136
1009	582271
1051	695607
929	399472
1229	1092069
943	362493
968	872916
956	512246
663	477520
1113	865433
911	685081
1014	713186
665	285001
723	626624
704	473880
778	565995
815	610821
788	346881
1120	680105
625	557929
907	751270
550	461668
634	454972
814	415858
624	394611
541	198336
987	822737
644	254477
652	429372
548	273453
498	366135
918	798866
935	514303
967	560837
749	531832
995	742741
993	407666
754	420029
733	404629
962	704212
736	376111
531	161553
931	611994
647	463941
881	624843
658	529303
343	211235
934	465067
648	456483
723	645023
736	611799
804	646188
628	258870
654	368243
784	628149
615	422254
834	377842
696	517049
636	493163
524	475164
675	642015
521	461915
839	572142
566	259155
1001	824862
741	366188
823	460795
915	369362
508	248568
497	312479
895	505722
1077	825355
698	601418
895	386657
797	423309
1060	644198
737	408550
958	805146
788	237569
847	796682
667	440571
968	570798
1029	492454
801	475996
466	306826
924	449747
663	376275
712	562126
592	419115
972	578232
726	527975
818	406112
955	726940
900	563537
826	470959
399	210634
896	503737
863	581192
734	312824
629	316872
524	294991
697	564637
570	333763
563	328271
890	749940
947	782132
538	385259
675	451361
629	317219
984	534248
924	587327
741	555053
383	225614
523	296521
615	483431
809	605012
817	625084
1021	498803
1018	468197
988	853664
823	403904
770	547135
634	415701
1063	651402
691	287546
1098	622629
687	511044
673	292016
633	508216
896	510656
666	422391
790	363807
714	479452
672	324856
855	538356
766	343901
419	160279
558	327438
680	490639
722	680056
608	393332
1021	798762
701	316334
807	488881
967	558484
837	688067
822	418521
748	393679
1117	764719
454	419487
952	449367
821	675171
643	329450
824	414532
624	234443
576	516367
861	339309
726	559541
1020	739531
634	441957
958	943418
559	212356
685	377943
537	247312
713	576479
985	835552
801	611508
1068	377073
819	586644
781	352939
1178	744877
693	489927
633	470401
936	698885
839	523328
808	472067
1063	614519
1004	809591
915	585599
763	582560
1024	642224
562	421998
624	329688
939	706453
777	501694
926	565377
677	448173
867	397171
943	787362
802	489954
1052	635858
972	351769
966	500737
808	610860
550	249132
719	500613
636	387233
803	521493
608	484776
799	429216
748	489227
740	687449
710	329636
805	437994
966	898164
794	512093
775	624603
735	701247
549	345784
895	631883
687	253321
641	368708
685	438157
957	516916
1171	393118
673	469491
775	418586
536	450526
980	537193
1292	821116
835	627310
874	557588
864	771058
1090	748703
1007	473733
1079	643442
767	670136
893	766039
909	697944
110	116050
0	0
0	0
0	0
0	0
0	0
0	0
0	0
0	0
0	0
0	0
0	0
0	0
0	0
0	0
0	0
0	0
0	0
0	0
0	0
0	0
0	0
0	0
0	0
0	0
0	0
0	0
0	0
0	0
0	0
0	0
0	0
0	0
0	0
0	0
0	0
0	0
0	0
0	0
0	0
0	0
0	0
0	0
0	0
0	0
0	0
0	0
0	0
0	0
0	0
0	0
0	0
0	0
0	0
0	0
0	0
0	0
0	0
0	0
0	0
0	0
0	0
0	0
0	0
0	0
0	0
0	0
0	0
0	0
0	0
0	0
0	0
0	0
0	0
0	0
0	0
0	0
0	0
0	0
0	0
0	0
0	0
0	0
0	0
0	0
0	0
0	0
0	0
0	0
0	0
0	0
0	0
0	0
0	0
0	0
0	0
0	0
0	0
0	0
0	0
0	0
0	0
0	0
0	0
0	0
0	0
0	0
0	0
0	0
0	0
0	0
0	0
0	0
0	0
0	0
0	0
0	0
0	0
0	0
0	0
0	0
0	0
0	0
0	0
0	0
0	0
0	0
0	0
0	0
0	0
0	0
0	0
0	0
0	0
0	0
0	0
0	0
0	0
0	0
0	0
0	0
0	0
0	0
0	0
0	0
0	0
0	0
0	0
0	0
0	0
0	0
0	0
0	0
0	0
0	0
0	0
0	0
0	0
0	0
0	0
0	0
0	0
0	0
0	0
0	0
0	0
0	0
0	0
0	0
0	0
0	0
0	0
0	0
0	0
0	0
0	0
0	0
0	0
0	0
0	0
0	0
0	0
0	0
0	0
0	0
0	0
0	0
0	0
0	0
0	0
0	0
0	0
0	0
0	0
0	0
8	648
0	0
0	0
1	42
891	713580
701	319620
916	686180
894	569340
696	456705
990	628214
916	516047
772	675658
880	538753
737	439546
734	510528
562	301129
641	471794
926	304157
1013	725119
1016	889441
735	459969
834	445782
660	395969
625	399976
617	284326
590	366828
811	641569
627	270671
923	476953
736	372317
1094	431710
784	447931
670	287164
800	574417
976	713229
614	550350
918	704843
700	453671
481	364580
861	376834
565	243480
701	323868
773	515672
883	530090
903	599835
1200	537773
600	296979
712	402599
891	446211
638	395970
637	468793
788	393332
973	495324
974	512466
608	472776
773	571826
842	578819
756	451097
697	384836
383	252048
621	446383
796	384348
749	399573
614	284190
327	180746
1083	626103
751	499052
753	341304
827	409316
1166	818157
1048	508351
1159	668608
792	325482
915	772701
841	416163
727	497836
746	620658
748	385792
560	374860
926	305849
905	602291
900	609687
740	443567
733	388934
652	579683
1153	731159
936	742821
598	463976
802	444123
755	437101
763	446663
536	302250
793	531953
764	619958
792	468572
548	372568
1050	799050
454	157043
712	397762
598	376218
997	789289
859	534831
1043	550782
542	345178
727	490469
921	633288
1126	574746
463	305167
800	429864
1004	801139
870	426250
951	817004
667	462736
572	403215
765	387508
691	298987
1075	626610
706	477618
562	299891
841	505311
626	402814
846	617047
815	502040
543	292242
910	194242
670	230378
654	414716
882	533200
968	387307
1181	503315
857	603735
850	625243
694	379946
704	509877
952	595157
730	337688
1073	274627
531	393908
1100	547620
517	188916
776	661107
906	680343
903	494696
527	469107
803	692081
898	345943
785	479125
988	585040
853	766669
569	408993
926	716295
788	347738
779	560312
830	472001
734	356046
966	401994
899	630262
676	311670
671	283856
794	309916
972	309228
808	617450
726	554864
626	366539
1117	487497
990	523815
1145	874412
1100	647302
979	657322
499	327742
869	418080
690	503306
801	693947
740	258236
827	491726
865	638410
752	292031
1040	739328
957	629354
758	446500
1016	372128
816	440389
985	819278
717	509495
830	316530
843	753275
762	511752
965	740801
752	308792
800	451044
743	393389
730	533074
789	515669
854	544110
910	400785
808	446549
717	334703
1037	643166
595	444636
782	454909
972	602556
836	612058
667	602345
305	190187
761	621991
718	439076
538	502321
822	617366
781	470630
919	595596
916	428627
1056	510410
1102	737676
821	594068
887	442162
824	570234
670	422702
1066	521434
819	399509
804	310736
455	235054
1140	429310
844	416736
854	615630
669	366935
944	478609
774	481497
903	538040
715	432409
758	589067
371	189251
695	448350
833	525186
656	399787
734	336934
1044	1086584
970	723415
663	474905
698	391508
746	386893
479	254269
741	586628
819	602950
1062	657108
881	475557
516	307942
969	724376
490	352802
965	746883
1212	756124
619	308442
652	428794
847	519033
960	489481
679	447341
1140	646911
947	716773
845	647811
930	498165
809	537247
609	390532
859	533743
934	666167
1007	649734
1020	608365
942	636847
970	370449
659	459469
947	487578
597	312685
672	268464
571	336713
1052	376571
845	449758
779	415033
789	612960
887	685460
582	310154
807	551984
943	563071
460	333256
640	534586
548	293563
798	524064
666	309345
963	822855
599	407115
539	350711
692	479923
743	436605
806	707390
761	578672
876	492465
693	395712
773	567151
912	449283
898	334868
685	387272
953	700755
787	589438
736	461918
922	702026
609	361003
475	277367
586	436552
814	449646
726	485271
574	328087
848	333038
699	531274
845	687229
882	454477
602	539978
1000	734726
658	500869
596	372922
588	380185
1075	768308
780	493257
715	522149
1175	627869
1074	518251
750	559225
534	470067
774	347043
873	650526
956	501782
418	184636
1080	607423
539	232400
1010	596341
693	317013
469	371064
466	288514
779	404141
704	535835
472	372811
1107	898415
918	515447
492	316797
1025	773648
969	492076
1028	641143
1013	661806
655	308213
532	471664
573	392060
703	384816
651	458855
1022	736863
465	368998
807	434547
1112	533784
1024	432391
724	354634
812	453103
818	353441
732	510605
720	392196
1200	822321
761	285830
793	687500
854	458397
790	582854
773	433052
813	489305
825	559610
815	542654
699	308737
686	361528
722	561778
900	532250
966	514055
1022	452283
899	385730
914	565603
626	507638
609	236520
963	611374
862	381218
796	449931
893	335418
894	515904
770	443751
668	243932
675	425216
699	345160
717	407988
632	342490
616	480831
865	561925
869	545499
892	558366
710	349157
869	453825
642	267115
815	537612
720	443450
782	531413
811	408957
652	224136
950	443713
660	355507
674	457110
867	540929
743	386798
925	723339
766	690784
749	746829
632	268069
917	819481
697	491003
972	548215
531	278959
618	257959
983	661051
877	587438
694	369553
895	666470
828	452323
842	427731
671	362642
726	658986
593	379422
411	319453
904	572025
1074	540785
968	703099
1047	469636
750	402227
1071	610564
570	364706
727	529441
795	576850
651	502664
640	287500
1025	656811
996	594504
830	672170
790	315616
500	205420
986	520286
743	428290
981	648164
490	192495
1069	779042
684	470615
498	458487
461	306389
887	458011
923	380553
939	442050
859	319306
764	545421
961	373386
1048	679276
613	379447
1003	713771
460	226694
802	617084
705	342670
1018	614392
1043	758017
539	367710
935	595687
604	272548
530	305418
687	461949
1224	697397
1033	593074
839	486631
821	435858
644	249496
742	351376
834	766790
1065	939807
1209	938893
1101	646561
1337	1001122
932	526795
445	249521
828	569468
811	370702
672	349664
1154	594850
934	570354
1011	508675
1207	902498
634	466215
894	662942
870	503007
672	586710
460	312264
782	526424
424	231342
466	157378
1038	676131
558	376125
946	757605
922	533107
821	471399
793	450693
628	247725
632	170278
617	300036
516	215180
991	637359
889	666825
690	469003
750	354621
614	498870
735	463068
872	538114
639	322834
816	577574
700	382311
1009	530177
1148	441438
683	256247
916	725154
704	426111
812	497235
912	507049
860	510957
762	279104
528	234210
1002	729213
581	407387
639	295943
828	797676
765	555469
466	193985
512	293394
692	282694
694	419441
921	781696
1026	760707
753	377575
882	654030
855	595508
556	189600
734	525496
761	523848
555	263129
753	529549
844	349787
992	374026
524	309994
717	348897
862	355702
813	239144
686	229508
880	561504
586	364446
1054	750443
797	483294
713	198561
764	231521
839	733051
659	430122
856	569826
792	630854
979	771995
488	341045
674	439721
721	389634
805	560219
306	189881
475	245630
864	451548
846	457624
834	653927
661	533719
663	310822
691	429445
1019	860356
873	449703
516	358205
871	649028
621	322269
1031	829097
713	298745
786	559379
802	401434
1091	677062
1006	751126
1133	741816
870	589187
961	524243
703	343213
751	629560
1057	588852
1047	574722
924	655928
463	300466
422	310843
891	537079
1027	512179
1049	708272
764	386240
1100	980890
718	357172
1310	602864
687	309844
843	330131
997	728929
658	301738
716	518771
783	444274
809	705610
778	451322
822	621181
789	408564
438	326452
815	552119
752	374053
1227	1085655
694	302931
902	528723
1142	573920
585	253705
779	343837
758	307621
611	464466
816	623857
1088	525056
762	672727
932	570794
596	250537
897	571576
1005	598464
1193	657687
826	489404
836	639438
1219	1025260
979	625605
769	363435
746	355165
900	366251
201	138002
781	579465
975	668478
1032	885896
772	521889
697	376827
675	460363
756	533304
918	439259
974	456191
708	385202
815	391168
1260	648201
645	512004
592	463812
633	440633
744	339042
643	328359
498	421415
585	317410
445	204884
889	598664
713	425207
807	618744
1353	684389
1055	592574
1036	668553
716	371908
664	461761
838	462261
852	566289
807	451314
727	445879
865	670592
637	238674
901	464986
444	257095
859	746565
1249	824278
859	664603
882	520487
976	645914
509	339648
1095	489271
486	374335
753	551385
664	309339
681	598637
845	417647
678	427894
1158	866037
511	279835
591	462688
601	287391
704	307029
986	512135
694	577067
699	393007
868	511537
1094	657140
802	331251
1269	701471
1010	665795
965	328174
917	388205
428	346742
636	535812
830	638105
442	260255
709	447649
735	526517
615	185328
1107	542859
972	754859
950	372091
933	646548
753	629388
889	601619
658	625772
923	558617
985	348867
771	599702
684	324910
1189	836358
778	457014
761	262154
824	488722
718	284230
651	407062
618	379645
531	361467
738	502236
550	272947
898	382257
814	519750
407	316380
843	602104
737	442255
665	316269
714	397681
756	517258
713	556557
1248	840407
699	176953
859	550453
1023	592976
569	318814
751	503888
879	586773
669	370396
844	565278
1005	698327
774	502992
943	552965
959	749074
831	595560
722	406642
538	450977
712	495081
1005	446441
774	591981
683	379633
731	403494
1060	557885
745	491820
1004	457397
857	474874
779	473750
657	387256
575	276065
1068	374939
981	582681
994	475697
743	540706
852	332871
811	623430
486	287942
672	431743
614	380239
780	571271
760	560522
692	351857
739	403931
990	656996
916	513529
685	458149
651	449273
815	335512
396	247496
753	275410
855	519789
873	462474
687	491369
737	511138
827	509961
605	219244
808	562893
677	491588
952	551475
976	660184
834	493665
825	447841
1102	645351
578	419531
911	506381
954	552414
762	520919
984	621304
770	750379
957	627667
774	566369
748	306756
587	278881
608	352183
436	300033
830	516014
1111	931105
943	534631
556	490187
543	322065
583	375888
827	544539
1125	769856
483	206671
682	511028
835	589163
757	581255
983	551195
705	470451
715	615953
698	455958
553	456957
905	475100
1067	720269
837	417047
816	395388
785	514403
1070	739704
989	636690
1189	590729
928	569574
915	652789
563	376036
827	738887
733	541844
852	590054
554	295943
1021	378502
914	800111
765	631714
836	601214
854	556720
673	367132
779	643390
594	443748
839	376266
760	394879
842	473526
834	575206
889	401630
905	569682
748	342590
827	626270
759	562150
856	612590
911	554413
944	579550
949	624940
719	383390
699	308562
891	793927
537	288998
855	388172
917	551412
1229	674220
611	307476
794	402979
971	593822
707	351492
853	541964
441	304982
607	225852
732	524417
526	314497
652	412734
768	559785
543	534453
530	345851
991	381073
839	638790
570	349722
1010	803576
933	573403
779	302602
676	554125
995	685095
998	771278
862	495459
499	253433
895	427027
741	580706
1135	818410
647	381784
1079	560236
665	546143
882	484724
1055	756621
497	407260
978	706984
674	374501
975	424850
1120	757910
723	644149
901	545463
1070	491001
778	559293
702	455050
742	493366
845	701796
815	614056
716	496131
876	645248
525	351746
986	553569
799	534747
949	417554
615	470167
874	640829
708	354243
564	279229
429	268432
814	416252
981	580903
769	595999
796	393178
1255	566383
1155	820803
597	390505
721	323094
931	559425
1048	468152
935	557471
778	472054
704	417886
838	851860
923	686889
403	289394
883	321232
770	627304
589	419866
1058	692192
470	319459
891	400047
1004	642895
605	278010
828	334422
820	276078
646	470981
1051	628073
870	496191
741	463343
823	413905
983	406128
1026	716484
1237	822956
1067	525806
685	388147
741	342251
734	563257
649	632576
918	705562
895	652704
625	327214
644	451384
635	329136
589	336451
897	511799
970	533521
812	457507
947	440136
893	670612
897	673492
619	254470
895	602090
658	306791
920	430394
1083	961405
648	373347
880	793133
1117	783700
906	661975
829	542144
668	518782
578	479762
1022	861977
417	294107
333	169317
716	503680
888	671559
736	371231
737	282801
991	560294
596	256901
629	341915
465	321960
922	643418
947	410414
678	329118
614	451054
733	365302
912	478450
1115	803040
635	399722
894	655577
612	462953
637	326568
797	490987
908	637852
829	353623
657	372664
877	572519
555	388343
822	690168
980	560344
749	600620
715	264040
569	307956
446	272321
689	492294
839	337484
681	535894
776	437641
923	598047
906	604938
1049	585357
921	347791
991	560963
359	232368
773	453287
741	472437
421	214412
1072	804456
686	236886
591	450361
806	622724
838	565001
1086	765188
825	709443
839	634669
993	523345
757	517518
507	282622
579	215396
289	113541
1020	431398
817	502449
912	487185
999	469182
1075	548235
688	340868
504	388894
535	268931
1198	579287
654	439288
837	560350
984	638210
705	279230
1073	647080
1081	598014
833	566347
907	779599
862	447781
590	427628
824	675243
955	628998
647	262352
852	430519
747	402895
805	463570
774	521700
937	465126
560	301326
449	347010
942	705681
949	524174
1225	659591
777	424168
1058	541513
854	487566
714	404927
812	485230
956	315902
1040	890780
784	609293
570	245795
851	387487
876	464008
872	510783
618	406948
614	422341
631	369529
976	630936
765	417580
1137	775605
918	487999
1032	697300
1007	442840
944	432877
674	498811
996	982401
724	302389
864	628039
852	569227
668	310796
708	515983
1030	790928
878	665438
1123	782243
1070	707610
723	475529
684	388581
668	410089
1007	662645
324	159485
685	469554
728	546358
822	540817
738	457228
971	583806
832	478620
1011	316736
818	671162
933	511247
904	793547
944	660385
942	568951
1114	675911
503	313947
779	228066
715	557481
799	464254
895	451597
717	325704
653	390099
1112	691549
802	708718
837	412014
792	666352
720	380576
968	710874
365	197842
729	501639
502	351462
794	505122
911	431683
791	667688
836	644014
897	541306
1194	800973
727	596900
1188	610525
912	462989
729	342837
690	321937
591	273376
1110	1001889
936	641757
856	434859
789	498830
1049	697651
565	362000
1071	551303
649	535941
646	394060
741	265125
1065	537320
1052	567222
743	556514
461	363279
452	171300
928	704764
902	459224
871	507573
1112	443182
697	525977
837	617687
758	574729
1029	509838
1083	697472
565	317219
654	484592
777	595032
985	666843
552	360244
878	577315
1048	785776
565	389030
549	390995
355	123424
636	505649
645	229039
846	731371
1017	765737
844	431635
1009	534678
1177	882663
909	381336
463	258728
981	562194
1195	673326
1024	896536
1021	797299
783	610814
767	465152
1039	764091
683	476662
323	223373
999	649132
794	545181
991	909385
609	321460
674	350720
1220	680394
707	296551
1053	627150
609	314278
684	571693
865	602388
661	452667
789	609389
836	695903
865	324924
1007	705228
794	643151
794	528171
1146	766211
725	444994
1090	678279
731	321177
831	429710
1007	542258
771	544996
979	684118
969	858582
859	235975
889	310432
746	482220
919	371119
727	458045
557	238668
695	432023
753	510426
513	324166
765	519765
747	662882
640	396665
915	591342
660	389048
359	204205
635	535476
675	429955
865	581806
1155	647843
1084	549204
1067	843612
957	595572
912	605685
961	469166
812	319399
563	511202
693	369590
618	405320
598	389414
870	711030
845	494309
580	477214
976	393555
524	243863
895	674533
977	533595
617	406651
783	421505
1147	464536
662	378442
503	312120
901	503219
472	279806
761	492467
1055	635465
923	607974
1107	836075
657	480327
902	519787
844	353026
885	842575
685	379402
763	602223
778	415177
804	579589
531	298438
740	417986
616	423469
834	365163
655	347104
692	326873
881	543011
397	117685
906	531895
1041	479490
1026	516852
821	499143
947	590294
1113	621365
824	471823
831	394379
584	413170
792	620458
821	410463
1071	377112
807	447597
1059	831862
1206	670260
452	249983
445	384813
447	367802
930	712261
1113	699070
709	422604
949	651025
925	559212
1014	544964
979	691949
923	791965
1066	565870
619	361931
967	792445
824	476690
446	291711
1003	855511
1042	925326
942	368606
939	555185
976	605214
571	384926
936	622157
611	375285
884	622156
997	802629
785	612552
858	479519
1024	776098
798	546642
896	722629
863	428287
933	382408
766	505869
814	483756
798	449499
849	532282
867	724326
784	411460
418	276170
1106	416692
818	505201
775	333905
915	390927
797	446418
853	662541
931	440640
912	622769
710	283881
837	605277
900	340106
777	533608
715	376777
904	656761
494	392488
697	389803
910	438343
612	415332
820	578578
917	716126
887	521398
879	539076
564	378851
567	226834
777	575407
920	554164
962	544746
913	576767
905	510902
825	527444
355	229555
870	547541
658	402874
667	291227
642	395334
1022	707543
907	509794
825	572085
847	401782
780	381733
504	446994
577	255930
1121	763744
675	416158
653	384110
998	592323
549	287018
584	306412
1257	892079
694	445032
600	181972
995	550000
632	460756
712	545854
904	475693
938	809660
420	311223
671	416062
866	406137
691	448012
667	485834
1034	690218
503	237477
672	432698
573	324433
863	629964
1141	548744
598	540166
541	282015
322	180465
480	243179
689	641535
698	390367
988	553267
754	526642
1266	733072
619	297215
983	424202
571	240087
835	559496
835	557661
824	560555
573	205630
856	607245
727	306801
741	459925
1114	647474
774	442314
906	498827
541	320914
1151	496415
1182	616648
828	363815
744	266634
756	307726
740	612050
912	752156
361	176764
751	397187
789	697946
697	356621
689	409496
346	282559
1216	668431
976	774798
1230	646869
688	381675
864	740152
924	637419
598	365175
970	727123
641	371299
578	232722
526	341921
918	620282
1019	654362
784	525704
722	291436
1124	896700
1086	883782
788	296755
662	469105
558	190834
625	506446
1002	532366
634	400036
767	375335
750	263332
1158	603171
1046	392647
737	365997
1117	602797
753	484352
798	476475
744	511864
606	308992
782	355228
753	429933
744	660505
688	365266
680	518305
527	382707
682	461537
635	573593
845	495474
907	343567
545	232795
786	394425
992	544633
1175	504908
727	494577
569	433470
615	461762
692	398401
609	487237
674	464192
999	857285
585	401574
904	353471
778	545100
1020	663421
900	508545
814	484039
840	525970
1189	752668
724	424436
591	322551
837	539094
421	332565
620	234064
925	653824
455	250097
857	611722
651	401679
897	516189
1070	684805
806	475490
624	455275
1010	749383
527	378538
1166	786372
707	212787
902	572392
1021	351888
501	304681
1065	658979
872	539676
1114	771313
997	471292
949	780265
476	312229
1312	682473
1071	633036
540	389655
667	513438
743	617600
840	625712
865	766986
552	232149
721	490855
990	619625
612	221993
823	448673
493	345595
942	782213
878	642664
879	573657
769	403501
1088	685631
913	541049
802	513173
863	761377
783	272730
769	401331
839	470542
819	406929
971	537885
672	585313
765	486374
1056	842952
988	602066
453	349428
589	362013
1075	841158
1144	804575
869	553927
642	496917
789	484228
1030	696144
582	335684
553	452181
369	265533
730	634069
1106	648227
883	479050
659	158367
812	490225
456	236460
619	297051
829	489233
1095	683589
1111	445041
951	812655
946	553776
1009	731861
769	746555
1071	402527
1111	800850
533	350577
815	429867
910	542972
425	145740
840	520363
764	410480
1032	817728
793	492454
894	489652
939	602858
646	355337
797	504292
1053	787540
659	464435
921	660446
642	487138
767	654938
876	589904
831	550678
744	329705
901	617232
1017	807408
729	544073
901	654271
1035	622932
1067	574686
925	680562
1034	600206
628	445821
724	334008
987	449700
556	358668
719	514511
929	473541
671	402550
738	287556
914	569113
581	411336
871	528385
980	733330
740	483588
950	584287
691	565079
748	269904
641	494040
849	610181
520	221306
1073	720603
1074	606252
819	541688
699	464510
651	346826
789	512421
616	282367
861	676244
900	300096
746	289891
892	494655
886	341316
672	502911
804	553143
574	380814
587	385400
876	495125
896	576895
862	418594
761	516182
903	649445
695	239630
672	374566
991	710696
685	321591
595	387703
617	287841
444	354160
725	477105
778	673862
720	157406
562	437571
704	469073
1184	782753
833	387544
832	288173
839	410097
821	468257
710	430032
853	717045
675	340766
751	457962
1036	718201
761	555695
777	387941
873	583322
560	367184
895	659084
576	316270
820	518168
726	566560
772	235260
935	592003
864	635864
857	708427
1072	752881
835	527071
1024	743150
682	635698
991	660768
958	676802
982	737816
1072	521664
880	518988
822	540006
394	181637
646	226574
1002	905357
858	563844
852	416548
625	421594
962	824233
480	322387
1311	660920
619	281893
685	252834
529	303993
678	553783
938	558126
730	681377
1139	563191
925	661599
744	499791
610	341615
1279	691927
806	547267
1022	588937
598	516509
621	354973
931	533001
914	278926
413	351458
500	429144
672	470344
976	638958
1114	802095
754	426809
827	430537
616	427647
1040	459910
605	480352
696	424473
616	327742
832	515763
849	539166
1046	441121
785	591160
1101	763377
651	390179
871	469064
970	876700
873	340240
911	518942
941	526284
612	175492
886	370936
985	490821
799	332905
621	561019
784	504874
874	574383
809	491536
794	504555
825	405529
990	677324
1055	587854
900	589783
779	470515
959	618008
1295	594674
1135	504950
851	520648
861	583066
1037	347686
1062	817814
595	337007
662	564851
851	862891
391	230648
539	242981
590	320815
853	477489
644	439311
786	378950
1052	568367
825	568691
638	519197
927	767301
1148	580910
1119	770360
997	923382
638	289053
811	659554
949	701682
783	474349
890	586023
567	324382
755	537389
931	488179
558	224340
571	349687
497	439724
788	661369
641	377412
423	265570
755	488821
755	593454
1013	729583
606	329625
739	438202
890	512499
951	568875
950	674375
684	352937
510	361771
732	517627
807	587299
703	388431
958	719924
738	403132
801	576685
705	423060
804	538708
851	604316
529	301698
967	652066
628	376656
672	488658
961	906199
686	493370
764	648859
934	476683
800	344066
949	678077
989	670658
875	539599
724	339586
967	350351
752	436870
826	653789
658	471998
823	453786
752	386210
916	390945
1034	526683
819	605038
1018	435604
746	551591
580	306483
359	256363
941	425564
886	399549
795	539187
736	498352
897	708838
825	465441
966	593490
831	631696
635	288820
624	389151
905	435571
494	381764
1207	600042
804	532265
931	458225
768	532459
903	550019
988	747378
898	681203
927	637179
1018	659121
498	216703
880	658615
697	343740
965	453475
454	378521
805	340948
849	392418
1033	699795
940	407184
876	504549
732	347566
688	372821
765	400384
588	321486
726	271442
533	219823
611	361021
744	605870
910	597389
786	409522
727	270247
790	430650
824	451641
669	599746
882	748527
533	398807
692	449367
549	335108
797	483905
1060	578564
965	640110
790	477836
214	200959
0	0
0	0
0	0
0	0
0	0
0	0
0	0
0	0
0	0
0	0
8883	6142659
792	389476
370	246703
652	152643
633	326340
611	404388
805	534026
1042	529293
860	410145
853	594764
1118	625357
1077	755755
736	469902
936	707940
722	447151
810	630908
857	547362
827	430199
687	518908
750	196442
728	395325
589	221049
1041	386680
642	302218
885	518276
753	291660
1050	816998
755	467753
410	237111
952	264964
521	426484
786	427256
573	412770
584	311961
1082	548494
774	376928
813	407034
1002	750827
881	525772
1036	740046
796	325213
767	472778
785	300125
981	759691
723	315010
732	622417
794	556560
1102	372939
696	432763
796	467191
517	396885
682	631872
977	588721
1195	911954
813	442167
934	522507
998	673995
1045	677676
615	398185
1161	1015350
1138	856465
837	749422
1151	574900
818	391807
657	501055
928	369300
1037	350134
960	557481
848	691128
710	528342
739	397299
743	521611
878	686129
632	401012
1064	694679
739	333973
1007	650178
884	330791
394	181073
969	488302
759	450859
948	422330
857	561479
934	464360
797	738049
794	639618
836	501472
591	362478
914	570514
476	402207
609	305060
734	527897
524	344410
694	321491
840	558899
825	600733
760	531823
808	462148
539	469082
605	440815
951	859099
771	622765
938	444000
806	336249
1008	718073
759	407729
817	560773
841	627889
610	257323
861	393385
533	316134
715	404628
743	442195
817	446289
893	523203
551	370051
269	91440
769	361038
775	620512
620	482165
1035	641605
746	426731
844	729809
641	522484
898	339378
721	548585
1039	730534
247	213366
874	392238
1032	478941
790	470281
909	609429
826	481305
735	469716
675	486801
915	718436
493	285791
580	470982
533	243922
762	406966
898	486403
1159	738900
1064	495056
781	666218
955	626494
694	560000
983	783285
962	673320
1103	847979
480	294543
849	580876
1012	513972
1072	918677
822	674753
597	411278
1129	604863
823	353778
1048	615385
955	454155
623	365668
445	175449
914	387656
761	337111
644	518848
993	755698
931	467749
575	253653
830	755638
781	649116
563	407214
897	454140
938	663840
291	166650
621	264059
1081	754199
1001	529359
715	441412
628	443387
776	433775
892	518223
473	451975
980	562605
839	256781
607	363334
521	229895
570	389693
1176	947002
824	662023
673	513277
659	513581
974	641904
824	631239
486	284503
674	379241
909	585058
616	612793
827	421943
578	278459
630	417070
731	388230
857	608181
670	374242
782	719773
726	388255
696	376439
1014	655036
579	291470
647	452087
538	417529
1018	683696
792	652544
937	669680
945	659035
865	623176
696	400232
808	456719
663	408652
609	336206
367	198697
754	395008
1012	884303
942	626489
650	348611
537	308906
662	511672
643	558713
580	368160
943	633705
892	525715
643	510605
1031	724397
554	358115
923	552272
573	361113
1016	631705
508	352884
879	420854
891	761218
971	640601
1249	696089
728	552212
643	568803
999	375574
852	464191
906	834470
666	420922
605	434060
793	560854
945	653663
612	280789
1033	660702
702	495381
1000	763829
361	196733
1299	983791
903	687145
537	378015
398	219193
741	530252
628	395180
565	344963
773	398437
616	320762
620	448568
778	531083
1022	626556
1106	670247
644	416785
1040	568959
1010	768172
832	371116
621	290680
506	193783
898	736932
737	516857
682	412020
961	510308
1060	639654
853	507665
867	695792
715	393195
924	615141
806	476729
1115	401918
1107	564950
398	160941
522	311564
855	663943
546	390075
758	440438
904	550448
1166	560023
922	648862
1113	638463
942	664386
705	553781
625	319083
1024	721152
743	321549
878	517392
864	435081
601	564340
670	604299
667	293837
959	614170
821	418362
944	722550
783	489743
978	685938
707	310223
1057	627554
591	272148
827	563021
751	481894
524	301990
871	686353
511	226714
928	606783
680	390341
925	583946
733	269636
741	585889
1166	954177
848	502904
815	410657
611	393244
655	312103
749	499086
799	548598
898	410200
694	315679
881	643337
1019	784871
593	366413
822	659828
834	383970
687	557384
916	460804
1193	765546
973	683943
844	468208
1130	541722
748	446487
812	291579
589	320857
701	464572
732	246825
521	259432
910	418626
585	394702
781	558170
1050	776757
966	605984
872	709115
674	562379
1230	734239
701	466663
711	375566
881	401752
828	581985
989	803778
667	385799
1127	735211
864	796771
667	352523
803	615179
814	365358
825	725758
961	649637
903	406558
978	718337
567	344923
421	296498
638	407606
533	380990
768	375018
392	287300
701	407800
798	458017
912	679449
773	285482
835	636720
543	218757
756	544489
916	477949
683	509452
