9.826264387681925561e-01 9.826264602936464199e-01
1.000000000000000000e+00 1.000000000000000000e+00
9.806904539568382928e-01 9.806904778809339973e-01
9.928957999061027717e-01 9.928958087080478334e-01
9.938824943635885534e-01 9.938825019430411745e-01
3.157886590757832956e-01 3.157895067983332305e-01
9.493264681755567702e-01 9.493252919812932289e-01
9.429032807268262761e-01 9.429033514683845540e-01
9.272838429749934441e-01 9.272839330686857284e-01
9.226831382300894058e-01 9.226819950463157616e-01
9.009449050451686647e-01 9.009450277722160783e-01
9.061260182944760322e-01 9.061261346022400076e-01
8.912662707850734778e-01 8.912664055037322619e-01
8.701768053284080207e-01 8.701757271988066478e-01
8.524279132637531120e-01 8.524280961022683289e-01
8.163858349369805811e-01 8.163860624308247882e-01
8.251074400631484007e-01 8.251076567511189674e-01
7.990084043151437498e-01 7.990086533392358747e-01
7.723792621331173613e-01 7.723783051724848470e-01
7.571093592806029671e-01 7.571096602166749179e-01
7.487024645434893211e-01 7.487015369178795510e-01
7.559201667449143569e-01 7.559204691543691679e-01
7.550237580547802807e-01 7.550240615748654571e-01
7.512820578963932405e-01 7.512811270747249415e-01
7.367821636597207124e-01 7.367824897807333517e-01
7.231915760799467741e-01 7.231919190393935049e-01
7.090760412528569478e-01 7.090764017011356168e-01
6.861137910219833325e-01 6.861129409423402103e-01
6.743908290297117025e-01 6.743899934745564151e-01
6.710270392975251630e-01 6.710274468876663567e-01
6.577305253599822210e-01 6.577309494242069565e-01
6.593285834421062086e-01 6.593290055263726357e-01
6.647534682632629810e-01 6.647538836262184558e-01
6.423561489766753674e-01 6.423553531117721649e-01
6.279400915239721215e-01 6.279393135202417930e-01
6.140528507086142618e-01 6.140533288885010599e-01
8.150741117170288985e-02 8.150854916347956280e-02
6.095282439676209529e-01 6.095287277533942838e-01
6.100544810116133032e-01 6.100537251677544681e-01
5.918889846204644645e-01 5.918894902608856645e-01
5.843256169097503783e-01 5.843261319210150129e-01
5.779514417347249022e-01 5.779507256658137360e-01
5.586960671519741739e-01 5.586966139176777757e-01
5.622081835019527851e-01 5.622074869385864648e-01
5.654636303133173669e-01 5.654641686941616063e-01
5.611995625009673638e-01 5.612001061648962397e-01
5.605043620923597647e-01 5.605049066176264194e-01
5.571508907335847027e-01 5.571514394137273563e-01
5.465745579866789772e-01 5.465738807930250465e-01
5.427425720609403426e-01 5.427418996150312758e-01
5.378284467236584820e-01 5.378290193438771682e-01
5.282555757910323280e-01 5.282561602718239824e-01
5.158980338339463900e-01 5.158986336254561822e-01
5.080083475640899682e-01 5.080089571307445651e-01
5.004527186334346567e-01 5.004520985837082048e-01
4.908862966841907038e-01 4.908856884870471671e-01
4.995924242502411960e-01 4.995930442440366104e-01
4.991397056168065394e-01 4.991403261715102180e-01
4.811767073038606402e-01 4.811773501143174481e-01
4.741395766371389042e-01 4.741389891888069807e-01
4.694576147016184531e-01 4.694582720317689306e-01
4.687972388032750626e-01 4.687978969516164995e-01
4.541129036418699028e-01 4.541123410061378984e-01
4.424828070103029032e-01 4.424834977616368681e-01
4.390209927307059390e-01 4.390204487935140953e-01
4.463999195166873935e-01 4.464006054148065838e-01
4.385179720268896908e-01 4.385186676905655223e-01
4.448173389946808998e-01 4.448180268535819049e-01
4.410885368030583731e-01 4.410892292818619498e-01
4.308294940385597460e-01 4.308289602504515869e-01
4.306179673836216248e-01 4.306174338575902705e-01
4.264686914754757807e-01 4.264694020679408171e-01
4.251066661851425899e-01 4.251073784651264176e-01
4.183507111938873924e-01 4.183514318443484203e-01
4.169835267168483517e-01 4.169842490612203356e-01
4.158020729612184052e-01 4.158015577917488770e-01
4.047356174772608894e-01 4.047351160188822350e-01
4.076415293893070890e-01 4.076422633082048552e-01
3.993275000128979624e-01 3.993282442326921977e-01
3.975643479561881688e-01 3.975650943604883691e-01
3.968149760871696463e-01 3.968157234199248262e-01
3.940586805895918698e-01 3.940594313373355084e-01
3.903389069747045248e-01 3.903384233535281966e-01
3.815541018113904337e-01 3.815536290743912762e-01
3.749284162844569446e-01 3.749291907341702479e-01
3.717065041866799979e-01 3.717072826282703524e-01
3.727731660381057299e-01 3.727739431581258978e-01
3.662106805483183458e-01 3.662114657991112909e-01
3.670438892013063170e-01 3.670434344421360517e-01
3.646177816529002635e-01 3.646185688772592970e-01
3.607535508102502897e-01 3.607543428223048965e-01
3.564301523507834024e-01 3.564309497194320664e-01
3.525723704915157408e-01 3.525719336622334943e-01
3.494433237544433690e-01 3.494428908019800439e-01
3.503216752911071374e-01 3.503224802280222039e-01
3.461840075530493444e-01 3.461848176164422641e-01
3.485120905540450842e-01 3.485128977329952082e-01
3.424758421082500504e-01 3.424766567659769945e-01
3.433232385246789420e-01 3.433240521325007233e-01
3.383149580300161552e-01 3.383145388653491237e-01
3.354748257484689855e-01 3.354756490802986990e-01
3.368407204288316192e-01 3.368403030907120010e-01
3.310843578618266614e-01 3.310851866333478499e-01
3.331441631541203763e-01 3.331449893735888845e-01
3.270021513808563096e-01 3.270017462325037205e-01
3.322284075138395298e-01 3.322292348679087848e-01
3.302743655490148478e-01 3.302751953240983807e-01
3.277231477229929357e-01 3.277239806589783422e-01
3.294063323857627235e-01 3.294071632363199109e-01
3.217010870406389333e-01 3.217006884601865124e-01
3.111441012438799225e-01 3.111437157432968004e-01
3.135082985518162779e-01 3.135091490996819164e-01
3.168269454003270758e-01 3.168277918364634793e-01
3.130916942253223478e-01 3.130925452893513761e-01
3.122559059789814517e-01 3.122567580785334806e-01
3.082343199418043911e-01 3.082351770240115418e-01
3.037380887276929786e-01 3.037377124029937425e-01
2.987465755898240372e-01 2.987474444271342455e-01
2.988317021704698373e-01 2.988313319246738153e-01
2.971717338478762072e-01 2.971726046363801221e-01
2.940156013805983459e-01 2.940164760794798382e-01
2.928122210814687043e-01 2.928118582936751757e-01
2.920138369387449973e-01 2.920147141177678041e-01
2.942116504754190287e-01 2.942125249314000990e-01
2.902571338654174604e-01 2.902580132209561237e-01
2.851869431302849200e-01 2.851878287676765655e-01
2.842453915564750466e-01 2.842462783604279841e-01
2.801283605652404862e-01 2.801280134924664655e-01
2.826215375408220876e-01 2.826211873790575035e-01
2.786192984537917416e-01 2.786201922283482180e-01
2.776583999298350425e-01 2.776592948949233031e-01
2.787379597480253435e-01 2.787388533755630893e-01
2.758268886492733496e-01 2.758265469059267838e-01
2.766923422191725490e-01 2.766932383811847584e-01
2.753677210324564362e-01 2.753686188356446185e-01
2.740663161859164254e-01 2.740672156015161454e-01
2.697829014234195966e-01 2.697825671684380699e-01
2.653176253295430609e-01 2.653185355845750770e-01
2.689238968369026539e-01 2.689248026238448830e-01
2.652737722425436706e-01 2.652746825519086693e-01
2.615346516775095553e-01 2.615343276419250240e-01
2.630772485025460461e-01 2.630769225557185176e-01
2.592194666432783290e-01 2.592203844537925850e-01
2.584662253842304191e-01 2.584671441279937643e-01
2.608510594389900628e-01 2.608519752279973014e-01
2.594877443519803539e-01 2.594886618301044945e-01
2.528014383812535737e-01 2.528011251659250114e-01
2.483929133411409140e-01 2.483926055878762640e-01
2.477183496793565476e-01 2.477192817394975044e-01
2.468180715991931118e-01 2.468190047747584603e-01
2.419723054857632338e-01 2.419732446651244318e-01
2.415492521758869915e-01 2.415489529017654791e-01
2.391025078806577053e-01 2.391034506156339556e-01
2.384717973058727014e-01 2.384727408222852563e-01
3.181476971970138568e-01 3.181485419967682859e-01
3.401542080906365673e-01 3.401550256248161985e-01
3.354154951013522123e-01 3.354163185066912356e-01
3.285434584092163934e-01 3.285442903288551819e-01
3.217694462644908882e-01 3.217690475993428834e-01
3.234771370641132404e-01 3.234779752608108461e-01
3.223098710719242144e-01 3.223094717372019802e-01
3.236976922957864877e-01 3.236985302192211256e-01
3.215759767630230748e-01 3.215755783375794929e-01
3.146278420669765818e-01 3.146286912277527770e-01
3.143685929350097386e-01 3.143694424169898305e-01
3.055038203777556416e-01 3.055046808429907057e-01
3.063408984207729446e-01 3.063417578488870086e-01
2.986743469759426950e-01 2.986739769251062770e-01
2.991489921528770468e-01 2.991486215139658178e-01
3.040489297267178759e-01 3.040497919945299166e-01
2.978295301528667283e-01 2.978304001263757383e-01
2.989348859045860007e-01 2.989357545085839507e-01
2.999886497892472192e-01 2.999882781100189910e-01
2.970930562506126638e-01 2.970939271365963807e-01
2.932378539846978716e-01 2.932387296471909433e-01
2.926626046670002812e-01 2.926634810422144573e-01
2.889067167451722651e-01 2.889063587962112378e-01
2.833721992065170725e-01 2.833718481146995094e-01
2.326186999881338646e-01 2.326196507564031180e-01
1.612336131332256783e-01 1.612346523460211067e-01
3.968575393774925048e-02 3.968694374562395377e-02
2.888718922349081120e-01 2.888727733067301684e-01
2.783213554215313579e-01 2.783210105875962848e-01
2.686014476677896501e-01 2.686023538542391953e-01
2.734807484948073020e-01 2.734804096582759136e-01
2.713474247919557825e-01 2.713483275762011426e-01
2.694965665612472638e-01 2.694962326610282344e-01
2.884888226220018725e-01 2.884897041684386099e-01
2.644199268427325222e-01 2.644208382099928478e-01
2.640291184497675636e-01 2.640287913235944695e-01
2.640781307234727482e-01 2.640778035365745624e-01
2.594438912649809637e-01 2.594448087974381423e-01
2.595419158123913328e-01 2.595428332233982727e-01
2.588389766237250145e-01 2.588398949056578968e-01
2.584597764008481624e-01 2.584582171973290321e-01
2.570152041232220408e-01 2.570161246647681974e-01
2.539596757967074181e-01 2.539606001239848587e-01
2.547283946158727663e-01 2.547293179907247906e-01
9.079910642886256100e-02 9.079899393080029246e-02
2.513929804105680677e-01 2.513926689402874448e-01
2.506474779315788770e-01 2.506484063625954439e-01
2.473894515268613148e-01 2.473903839944997241e-01
2.460132384730870925e-01 2.460129336681864121e-01
2.474771577008600398e-01 2.474780900598324562e-01
2.450536297458068835e-01 2.450533261298399323e-01
2.426778242677824216e-01 2.426787625730216502e-01
2.372116659529791838e-01 2.372126110306662927e-01
2.364648736773135029e-01 2.364645807026232449e-01
2.341406600663471504e-01 2.341416089489418706e-01
2.363384736030212097e-01 2.363394197625741378e-01
2.336673046860892888e-01 2.336670151775244453e-01
2.312437767310361325e-01 2.312434902251682134e-01
2.294844940643556985e-01 2.294854487158359824e-01
2.295928369851776563e-01 2.295937915024234832e-01
2.289995305140097581e-01 2.290004857663490434e-01
2.234534048052664867e-01 2.234531279514951896e-01
2.263786636674594566e-01 2.263783831893578513e-01
2.247303035149539052e-01 2.247312640567699638e-01
2.240776663966692339e-01 2.240786277470880883e-01
2.205062193995738495e-01 2.205071851749356437e-01
2.196936474934091388e-01 2.196933752978930676e-01
2.196291576595865436e-01 2.196288855439719190e-01
2.132730396380314586e-01 2.132740143751412354e-01
2.137941174953180423e-01 2.137950915868239987e-01
2.106044503144524349e-01 2.106041893802483855e-01
2.103903440661614166e-01 2.103913223748665184e-01
2.098847437689922435e-01 2.098844837264885188e-01
2.115937243652910582e-01 2.115947011830348889e-01
2.089676983320349346e-01 2.089674394257299839e-01
2.106121890945111541e-01 2.106131671283552331e-01
2.070678278276212592e-01 2.070688102528496777e-01
2.049783572117691299e-01 2.049781032481686194e-01
2.053059655675879280e-01 2.053069501757242843e-01
2.022220617141913812e-01 2.022218111655793293e-01
2.056284147367009041e-01 2.056293989453299720e-01
2.036060135480242950e-01 2.036070002623631969e-01
2.092424250241191885e-01 2.092434047550703335e-01
1.949708247991786547e-01 1.949705832346869949e-01
1.972253893896166177e-01 1.972251450317698551e-01
1.972821404433804937e-01 1.972831349928567679e-01
1.964914950807154781e-01 1.964924906097836599e-01
1.954970618431710327e-01 1.954980586043197632e-01
1.963212419194238223e-01 1.963222376594318530e-01
1.937597057199902939e-01 1.937594656560480966e-01
1.933688973270253630e-01 1.933686577472860102e-01
1.931109379917349822e-01 1.931119377092377909e-01
1.933443911901727708e-01 1.933453906184323112e-01
1.900438014951323085e-01 1.900448050127486466e-01
1.923667253094222263e-01 1.923677259489879054e-01
1.897355400894603084e-01 1.897365439890056349e-01
1.873365182712597166e-01 1.873362861655031297e-01
1.853128272859066450e-01 1.853125976874579195e-01
1.816652822849006144e-01 1.816662961833148682e-01
1.860583297648958634e-01 1.860593382204225321e-01
1.858803378235454884e-01 1.858813464996002252e-01
1.828402870571483041e-01 1.828412994997579422e-01
1.840191612194253812e-01 1.840201722014362662e-01
1.818729395498093759e-01 1.818727142133046148e-01
1.834593894618452292e-01 1.834591621597645161e-01
1.822611683494214097e-01 1.822621815095461506e-01
1.667500735184105631e-01 1.667511058964349369e-01
1.804644815791238699e-01 1.804654969653033403e-01
1.759734095517182795e-01 1.759744305022355459e-01
1.752936867032280910e-01 1.752947084959068091e-01
1.751195641519071033e-01 1.751193471826834325e-01
1.744682168302988667e-01 1.744680006680799644e-01
1.723877747911819192e-01 1.723888001842204809e-01
1.728121178977345962e-01 1.728131427650215490e-01
1.733873672154321588e-01 1.733883913699980628e-01
1.720717746054511998e-01 1.720728003900069414e-01
1.721285256592150759e-01 1.721283123958212147e-01
1.698365569651600071e-01 1.698363465414640949e-01
1.678580088634827605e-01 1.678590398688000196e-01
1.692561484607566502e-01 1.692571777338102157e-01
1.681985151860660721e-01 1.681995457695036056e-01
1.675716740013104278e-01 1.675727053613901840e-01
1.681353151489199116e-01 1.681363458106608921e-01
1.635487981674568769e-01 1.635485955341535180e-01
1.642375495926822193e-01 1.642373461060312179e-01
1.621080952798600872e-01 1.621091334091916691e-01
1.631799163179916412e-01 1.631809531193609275e-01
1.646747906659994098e-01 1.646758256152528188e-01
1.628058752818205834e-01 1.628069125466183598e-01
1.604803718741777407e-01 1.604814120202222583e-01
1.613883887343998957e-01 1.613881887777955104e-01
1.590306404098457971e-01 1.590304433744388346e-01
1.603488126131796532e-01 1.603498529222231184e-01
1.588294321283192923e-01 1.588304743198412083e-01
1.604429677705606350e-01 1.604440079629479987e-01
1.596665101713365953e-01 1.596675513257375389e-01
1.568263778897894534e-01 1.568274225630507668e-01
1.546530704899679587e-01 1.546528788782722263e-01
1.548633073482296174e-01 1.548631154760551354e-01
1.546324337431447260e-01 1.546334811346537774e-01
1.535722208751012507e-01 1.535732695801903247e-01
1.529311919269046305e-01 1.529322414262142549e-01
1.513885951018681397e-01 1.513896465124207336e-01
1.526177713345268361e-01 1.526188212221575580e-01
1.506443824195553838e-01 1.506441957745345284e-01
1.512286603139881003e-01 1.512297119226963249e-01
1.528563837196704189e-01 1.528574333116657358e-01
1.481215401204154236e-01 1.481213566011397587e-01
1.483124300285303121e-01 1.483134852503826262e-01
1.489766753169030344e-01 1.489777297157703073e-01
1.490746998643133758e-01 1.490757541417304377e-01
1.471645109864880840e-01 1.471655676305864413e-01
1.479732135026234352e-01 1.479730301671211556e-01
1.470290823354606369e-01 1.470301391473520514e-01
1.453110731624266683e-01 1.453121321028930379e-01
1.433196270939849082e-01 1.433206885018084020e-01
1.454697181536302730e-01 1.454695379199027194e-01
1.431584025094284063e-01 1.431594641170055582e-01
1.446984197411119999e-01 1.446994794406422646e-01
1.441773418838254439e-01 1.441771632513231816e-01
1.435208353755114130e-01 1.435218965340423480e-01
1.422142713422656080e-01 1.422153341196001619e-01
1.424515939307327561e-01 1.424526564140299323e-01
1.429597738212548264e-01 1.429608356749284825e-01
1.398952169180050498e-01 1.398962825685961531e-01
1.319345918309437760e-01 1.319344283669350304e-01
1.285501653519339205e-01 1.285512450587902034e-01
1.295110638758905919e-01 1.295109034145787985e-01
1.303197663920259708e-01 1.303208439063861523e-01
1.299702314927074775e-01 1.299713094401336033e-01
1.311916689453074547e-01 1.311927453793998721e-01
1.321886817762047972e-01 1.321897569750206114e-01
1.312174648788365094e-01 1.312185412809683260e-01
1.306912278348441037e-01 1.306923048889718775e-01
1.290235207321917821e-01 1.290233608749350447e-01
1.289267859814578754e-01 1.289266262440533217e-01
1.275518627243601433e-01 1.275529436680910567e-01
1.258235351779145583e-01 1.258246182630046450e-01
1.269288909296338586e-01 1.269299726452128851e-01
1.252469960635405333e-01 1.252480798629497238e-01
1.260931026832930180e-01 1.260941854343949897e-01
1.252689226070402284e-01 1.252700063792828999e-01
1.245904895552265162e-01 1.245903351903962647e-01
1.234245133597139804e-01 1.234255994171384596e-01
1.246085467086968379e-01 1.246083923214941769e-01
1.231859009745703698e-01 1.231869873276302679e-01
1.231291499208064799e-01 1.231302363441796610e-01
1.230607906969545390e-01 1.230618772050232623e-01
1.238643340263840820e-01 1.238654195388805973e-01
1.216897368298861387e-01 1.216895860590236356e-01
1.207623730195171996e-01 1.207634623752740360e-01
1.224210515454343812e-01 1.224221388461256138e-01
1.216742592697687142e-01 1.216753474957188719e-01
1.191565761573345622e-01 1.191564285250014815e-01
1.186548452501947626e-01 1.186559372171313576e-01
1.204876463274329457e-01 1.204887360235700061e-01
1.198350092091482744e-01 1.198360997138881168e-01
1.188263882081628670e-01 1.188262409849252660e-01
1.162222887184064246e-01 1.162233836992261765e-01
1.122845394651987017e-01 1.122856393248017198e-01
1.132712339226844278e-01 1.132723325597950748e-01
1.132905808728312119e-01 1.132916794859714082e-01
1.117183187242363068e-01 1.117194192853741552e-01
1.107780569471028542e-01 1.107779196955677031e-01
1.111030857095687413e-01 1.111041870329665393e-01
1.124367354730200358e-01 1.124365961664192809e-01
1.113030041944187976e-01 1.113041052701220501e-01
1.102660076665514383e-01 1.102671100270702087e-01
1.089723416000701606e-01 1.089722065857759437e-01
1.085428393068116754e-01 1.085439438022974962e-01
1.106013548024289417e-01 1.106024567474601095e-01
1.095617786812086991e-01 1.095628819142514254e-01
1.081971737975225556e-01 1.081982787212802249e-01
1.083545289920496979e-01 1.083543947432114851e-01
1.079740389724963695e-01 1.079739051950767831e-01
1.089310681064237091e-01 1.089321721209027261e-01
1.070363567887158279e-01 1.070374631506997992e-01
1.060277357877304205e-01 1.060288433993732543e-01
1.066416790057215375e-01 1.066415468790661569e-01
1.059077846968203979e-01 1.059088924570799478e-01
1.057156049920290608e-01 1.057167129903949648e-01
1.048075881318069058e-01 1.048086972551853929e-01
1.042142816606390215e-01 1.042141525414746611e-01
1.037796201806747143e-01 1.037794916000462087e-01
1.045406002197813572e-01 1.045417096739519047e-01
1.027219869059841362e-01 1.027230986133759183e-01
1.033230321572107396e-01 1.033241431199208860e-01
1.037280283136166464e-01 1.037291387745456067e-01
1.019442395100836340e-01 1.019453521810870372e-01
1.018939374397020009e-01 1.018938111953922449e-01
9.972449942990986582e-02 9.972561485112159396e-02
1.016991781415577667e-01 1.016990521385504193e-01
1.026858725990434928e-01 1.026869843511800801e-01
1.012980513751812195e-01 1.012991648467972683e-01
9.993086689814217882e-02 9.993074308603291933e-02
9.906154393821357818e-02 9.906266018081233415e-02
9.944848294114916332e-02 9.944959870433914273e-02
1.011703615042124776e-01 1.011714751340334201e-01
1.003629487847535751e-01 1.003640634149408212e-01
9.866299676518994199e-02 9.866287452394341406e-02
9.840761702325245830e-02 9.840749509841571763e-02
9.799101269675848658e-02 9.799213026572149710e-02
9.737835927544381820e-02 9.737947760347072379e-02
9.653483224904425841e-02 9.653595162218228665e-02
9.631427701737098335e-02 9.631415768613570128e-02
9.604470951199252371e-02 9.604582949238166245e-02
9.619045653643160110e-02 9.619157633624343673e-02
9.545140304082463945e-02 9.545252375630723651e-02
9.378369593817230399e-02 9.378481871990669572e-02
9.436668403592857191e-02 9.436656711771744532e-02
9.423770436828338148e-02 9.423758760987517580e-02
9.551718267132369711e-02 9.551830330530679258e-02
9.421061863807789205e-02 9.421174089086460646e-02
9.374887142790810923e-02 9.374999425278927878e-02
9.473685568207028396e-02 9.473797728286106890e-02
9.259192380913072729e-02 9.259180908980782498e-02
9.416934514443142668e-02 9.417046744835508298e-02
9.352831619623482029e-02 9.352820031674269341e-02
9.180643763317150596e-02 9.180756286468472194e-02
9.049213481986699559e-02 9.049326167977199409e-02
9.043925315613246529e-02 9.043914110392035910e-02
8.853422346501298168e-02 8.853535275072636768e-02
9.103513922065326058e-02 9.103626540778794740e-02
9.135758838976623664e-02 9.135871417739362121e-02
9.026642040148791235e-02 9.026754754104802936e-02
9.082619215906805044e-02 9.082731860508347355e-02
8.981370176805328343e-02 8.981359049088535884e-02
8.944997910529384200e-02 8.944986827877016156e-02
8.865417455592300433e-02 8.865530369301967417e-02
8.873672154321592120e-02 8.873785057803872112e-02
8.887730938094919042e-02 8.887843824158679629e-02
8.889536653441951208e-02 8.889649537268470847e-02
8.823112124604677586e-02 8.823225090729702735e-02
8.730762682570719635e-02 8.730875763114638588e-02
8.399155957054929567e-02 8.399269448452166553e-02
8.160156632908388552e-02 8.160146522656810952e-02
8.276367313456706176e-02 8.276357059222695656e-02
8.305387738676875409e-02 8.305501346250836192e-02
8.207750130269464428e-02 8.207863858814239133e-02
8.348724907005659890e-02 8.348838460885839308e-02
8.284622012185999251e-02 8.284735645488230937e-02
8.260631794003993333e-02 8.260745457029569638e-02
8.025630839554452611e-02 8.025620895977325642e-02
8.219616259692821836e-02 8.219729973535727652e-02
8.090894551382919742e-02 8.091008424709143776e-02
8.117722322253119460e-02 8.117712264576705528e-02
8.019052876504548233e-02 8.019166838841000622e-02
8.058391675136331034e-02 8.058505588732892133e-02
7.904003012965035713e-02 7.904117117845696483e-02
7.943986709935045576e-02 7.943976867513169449e-02
8.045622688039456849e-02 8.045736617456507311e-02
7.829194805730824158e-02 7.829309003297180158e-02
7.943083852261528799e-02 7.943197908721903733e-02
7.877304221762480851e-02 7.877418359722347663e-02
7.935087112867528214e-02 7.935077281472052713e-02
7.828807866727889586e-02 7.828922064773653766e-02
7.806365404557626120e-02 7.806479630409099424e-02
7.718659230558894135e-02 7.718649667312725560e-02
7.686930232318177347e-02 7.687044606147158676e-02
7.787018454410846169e-02 7.787132704232758995e-02
7.681384106609434603e-02 7.681498487309941503e-02
7.569042816090471026e-02 7.569157335979324885e-02
7.633919588916003585e-02 7.634034028423986040e-02
7.490623178162195139e-02 7.490737795211226124e-02
7.325271244241057800e-02 7.325262168393806284e-02
7.279999380897594907e-02 7.279990361141169819e-02
7.241434460271682638e-02 7.241549386059963067e-02
7.390405976401880073e-02 7.390520717617782287e-02
7.285416526938692794e-02 7.285531398234176836e-02
7.336234515990899818e-02 7.336349324324030474e-02
7.362804327525808434e-02 7.362919102939537164e-02
7.175654829772634691e-02 7.175769837060405609e-02
6.844821982262716542e-02 6.844813501681355772e-02
6.646193294089119963e-02 6.646185059604262091e-02
6.694302710120776656e-02 6.694418313793058795e-02
6.613174499171950438e-02 6.613290203360272512e-02
6.362824964272631445e-02 6.362940978638428891e-02
6.429378472777551312e-02 6.429494404685039133e-02
6.373917215690118321e-02 6.374033216312863237e-02
6.192442823313332873e-02 6.192559048778791680e-02
6.316779222923298021e-02 6.316771396575107667e-02
6.202245278054367705e-02 6.202361491374804026e-02
6.119440331426154178e-02 6.119556647340067268e-02
6.104994608649892684e-02 6.104987044698102772e-02
6.071717854397432751e-02 6.071834229438428238e-02
6.090677865541276048e-02 6.090794217091241580e-02
6.064108054006366738e-02 6.064224438475734197e-02
6.074039488415046428e-02 6.074031962815958086e-02
6.113249307379185066e-02 6.113365630963638747e-02
6.030315381083325987e-02 6.030431807421059859e-02
6.082165207476693258e-02 6.082281569573651930e-02
5.965954526928374940e-02 5.965947135244136640e-02
5.956667990857920925e-02 5.956660610679493512e-02
6.006841081571900887e-02 6.006957536993767083e-02
6.091451743547147274e-02 6.091568094138295059e-02
5.840586289977248158e-02 5.840579053621451633e-02
5.714315195352604598e-02 5.714432013207501604e-02
5.687745383817695288e-02 5.687862234591994220e-02
5.716636829370218276e-02 5.716753644348662733e-02
5.636798415097844100e-02 5.636915328994298452e-02
5.571276743934086562e-02 5.571269841246794668e-02
5.560700411187180503e-02 5.560817419367359432e-02
5.485634244617678540e-02 5.485627448039528259e-02
5.568697150581182476e-02 5.568814148853580559e-02
5.419983593786275450e-02 5.419976878547813626e-02
5.290359027802857272e-02 5.290476370929964728e-02
5.329181907764059950e-02 5.329299202790487716e-02
5.330342724772867136e-02 5.330460018361067587e-02
5.289456170129340495e-02 5.289449616611437838e-02
5.275526366023659819e-02 5.275643727528103732e-02
5.206651223501126968e-02 5.206768670340332361e-02
5.379354998478039912e-02 5.379472231341130006e-02
5.158670787137115826e-02 5.158664395659377094e-02
5.092762176970422328e-02 5.092755867151978200e-02
5.161250380490019218e-02 5.161367883579853766e-02
5.244958184791749523e-02 5.245075584169486133e-02
5.196719789092447278e-02 5.196837248236477191e-02
5.090182583617518242e-02 5.090300174758763396e-02
4.961847814310552107e-02 4.961841666692075326e-02
4.884846952726372427e-02 4.884964798273871978e-02
4.855310608835623071e-02 4.855428490977992118e-02
4.752384834054759755e-02 4.752502843719862147e-02
4.811199562500967364e-02 4.811193601532305630e-02
4.855181629167978213e-02 4.855175613706519400e-02
4.733682782246206866e-02 4.733800815082733066e-02
4.752900752725340572e-02 4.753018761751230670e-02
4.782179137280798825e-02 4.782173212267794987e-02
4.818809362892033377e-02 4.818927290258630258e-02
4.781534238942573151e-02 4.781652212492214921e-02
4.700148068658456524e-02 4.700266143043742989e-02
4.637850889185828746e-02 4.637845142992296638e-02
4.666226416067770916e-02 4.666344532481226520e-02
4.596577395539366839e-02 4.596695598246401671e-02
4.683767650867517313e-02 4.683761847784144450e-02
4.583163510104266980e-02 4.583157831667174914e-02
4.522414086643381653e-02 4.522532381237096694e-02
4.537762667093159230e-02 4.537880942670326906e-02
4.437674445000490409e-02 4.437792844584726587e-02
4.566525132978037360e-02 4.566643372919152594e-02
4.561107986936939473e-02 4.561102335826146964e-02
4.547049203163613246e-02 4.547167467234970034e-02
4.346614799642984500e-02 4.346733312048084441e-02
4.208219616259693124e-02 4.208338300133330351e-02
4.319529069437493679e-02 4.319523717637577254e-02
4.205640022906789038e-02 4.205634812212854373e-02
4.303922529652425694e-02 4.304041094952294061e-02
4.194934710492238122e-02 4.195053410825577006e-02
4.262778015673609339e-02 4.262896631950609944e-02
4.203189409221530504e-02 4.203308099327481701e-02
4.208735534930273248e-02 4.208854218164699568e-02
4.219827786347760123e-02 4.219822558075504021e-02
4.188227767774688193e-02 4.188222578654147987e-02
4.188743686445269010e-02 4.188862394449147791e-02
4.063762388497077493e-02 4.063881251349989870e-02
4.129928957999060707e-02 4.130047738873073027e-02
4.215442477647823871e-02 4.215561152572497305e-02
4.137925697393062680e-02 4.137920570595662872e-02
4.165140407266198358e-02 4.165259144514012885e-02
4.169654695633780161e-02 4.169773427288492318e-02
4.132250592016674384e-02 4.132369370014234156e-02
4.100779553111247311e-02 4.100774472337089666e-02
4.020167260833002604e-02 4.020286177699302493e-02
4.048929726717880040e-02 4.048924710184497594e-02
4.049703604723751266e-02 4.049822484995182353e-02
4.023649711859422773e-02 4.023768624411044187e-02
4.063117490158851125e-02 4.063236353810778523e-02
3.990630916942253248e-02 3.990749870403423327e-02
3.899055352914166522e-02 3.899174419835412658e-02
4.039256251644490758e-02 4.039251247096327380e-02
4.122964055946220369e-02 4.122958947685959746e-02
4.083625257314436874e-02 4.083744095557698822e-02
4.071759127891079466e-02 4.071877980836210303e-02
4.109550170511120509e-02 4.109668976633994858e-02
3.982118258877670458e-02 3.982237222885833677e-02
4.049445645388460857e-02 4.049440628215866811e-02
3.998627656336255221e-02 3.998746599889643760e-02
3.985858669239381036e-02 3.985977628613258938e-02
4.045318296023815013e-02 4.045313283964914464e-02
4.043383601009136602e-02 4.043502489110911008e-02
3.951292118310469753e-02 3.951411120511531122e-02
3.861264310294125479e-02 3.861259526273996823e-02
3.936072517528337034e-02 3.936191538586143734e-02
3.887318203158453972e-02 3.887437284621766270e-02
3.867326354673449040e-02 3.867445460906214494e-02
3.872743500714547621e-02 3.872862600235589536e-02
3.929752513813722370e-02 3.929747644938241802e-02
3.911695360343395156e-02 3.911690513840324068e-02
3.879063504429161591e-02 3.879182596119860882e-02
3.926528022122592609e-02 3.926647055005815651e-02
3.819861836980018716e-02 3.819981002020259725e-02
3.791228350762785443e-02 3.791347551279276168e-02
3.691398088005407030e-02 3.691393514445728830e-02
3.795355700127431980e-02 3.795474895530228515e-02
3.842949197488507856e-02 3.843068333924025415e-02
3.770333644604264428e-02 3.770452871008828089e-02
3.889252898173131689e-02 3.889248079475769032e-02
3.722998106578478961e-02 3.723117391630715450e-02
3.741184239716451032e-02 3.741179604472844727e-02
3.649221736685429041e-02 3.649341113144938253e-02
3.639677241279684616e-02 3.639796629564610170e-02
3.664441337467561760e-02 3.664560695070325641e-02
3.623554782824035814e-02 3.623674191084326479e-02
3.586537618209865302e-02 3.586657072333595403e-02
3.573897610780636669e-02 3.574017080565053406e-02
3.568867403742474048e-02 3.568862981995574168e-02
3.489415928473035833e-02 3.489535502928366867e-02
3.557388213322051906e-02 3.557507703561242629e-02
3.583184146851090685e-02 3.583179707366065947e-02
3.561515562686697750e-02 3.561635047812195670e-02
3.504377569919878144e-02 3.504497125838070687e-02
3.520371048707881395e-02 3.520490584810511553e-02
3.390746482724463218e-02 3.390866179429031374e-02
3.317228072166703706e-02 3.317223962195307851e-02
3.363789732186617948e-02 3.363909462289997598e-02
3.213399439712323613e-02 3.213519356145912165e-02
3.335930123975256595e-02 3.336049888596067520e-02
3.283306419576018098e-02 3.283302351632790689e-02
3.220622301100454360e-02 3.220742208585079119e-02
3.218300667082841376e-02 3.218420577443918684e-02
3.221009240103390320e-02 3.221129147108606205e-02
3.217268829741679742e-02 3.217264843617549663e-02
3.199727594941933345e-02 3.199847528314631734e-02
3.217913728079905417e-02 3.218033638920391598e-02
3.143879398851565088e-02 3.143999401418929446e-02
3.180638604130445191e-02 3.180758561153976260e-02
3.140783886828080185e-02 3.140779995467084251e-02
3.054496489173446835e-02 3.054616602484237428e-02
3.080163443034840062e-02 3.080283524544848855e-02
3.063138126905674483e-02 3.063258229509669209e-02
3.047015668450025680e-02 3.047011893265754931e-02
2.986653183992075619e-02 2.986773381359203797e-02
3.035149539026667925e-02 3.035269676307896999e-02
2.940478462975096643e-02 2.940598717551671723e-02
2.980075220942170547e-02 2.980195426459248190e-02
2.950796836386711947e-02 2.950917078179053285e-02
2.940349483307451439e-02 2.940345840280198658e-02
2.897786192984537837e-02 2.897906500455880996e-02
2.861155967373303285e-02 2.861152422465045725e-02
2.801051442250643633e-02 2.801171869574179199e-02
2.826202477441456043e-02 2.826322873603421756e-02
2.879986998849501378e-02 2.880107328373647871e-02
2.863219642055626207e-02 2.863339992354152833e-02
2.806855527294677133e-02 2.806975947427081328e-02
2.779898776756832210e-02 2.780019230288047205e-02
2.761583663951214587e-02 2.761580242410814276e-02
2.801438381253579246e-02 2.801558808097706285e-02
2.808790222309355197e-02 2.808786742281084783e-02
2.752555087216051327e-02 2.752675574625486343e-02
2.719923231301817415e-02 2.720043759141392223e-02
2.667299526902578918e-02 2.667420119941746673e-02
2.806339608624096663e-02 2.806460029395712458e-02
2.708702000216685682e-02 2.708822541959115052e-02
2.703671793178523408e-02 2.703792341153266401e-02
2.626155012923762563e-02 2.626151759176432315e-02
2.688065253393455076e-02 2.688061922940720994e-02
2.669750140587837800e-02 2.669870730590749933e-02
2.614675822503340422e-02 2.614796480742101123e-02
2.612354188485727091e-02 2.612474849600940341e-02
2.547864354663130840e-02 2.547985095679805925e-02
2.594554994350690633e-02 2.594675677518707216e-02
2.539222716930902846e-02 2.539343468654374145e-02
2.566437426804038524e-02 2.566558144809092529e-02
2.542189249286742544e-02 2.542186099571115340e-02
2.558053748407100939e-02 2.558050579035714422e-02
2.543479045963194241e-02 2.543599792413168970e-02
2.535869245572127881e-02 2.535990001450474929e-02
2.538964757595612784e-02 2.539085509638689536e-02
2.602164794741756992e-02 2.602285468481400910e-02
2.509299434037218224e-02 2.509296325071336958e-02
2.524776994154641352e-02 2.524773866012408954e-02
2.501560653978506660e-02 2.501681452364431374e-02
2.505688003343152850e-02 2.505808796615384068e-02
2.393604672159480723e-02 2.393601706536821819e-02
2.380190786724380864e-02 2.380311735484856583e-02
2.431911633450102930e-02 2.432032518129606524e-02
2.456804709305624931e-02 2.456801665379533539e-02
2.396700184182965279e-02 2.396821112488667013e-02
2.470347574408370342e-02 2.470344513702971492e-02
2.330662594348626923e-02 2.330783604473425641e-02
2.328340960331013246e-02 2.328461973332264859e-02
2.354910771865922903e-02 2.355031751947771895e-02
2.368711596303958722e-02 2.368708661523263870e-02
2.257531122793802678e-02 2.257528325763228511e-02
2.345495256127824030e-02 2.345616247875286289e-02
2.284487873331647947e-02 2.284608940665893220e-02
2.250824180076252748e-02 2.250821391355430426e-02
2.286164609011035603e-02 2.286285674267843002e-02
2.250437241073317135e-02 2.250558350595534274e-02
2.265527862187804650e-02 2.265525055249448944e-02
2.288099304025713321e-02 2.288220366885477045e-02
2.222835592197246191e-02 2.222832838153658216e-02
2.201424967368144012e-02 2.201546137615472201e-02
2.142481259254291198e-02 2.142602502531555653e-02
2.192654349968271160e-02 2.192775531082197943e-02
2.218966202167890409e-02 2.218963452918390131e-02
2.161312290730489291e-02 2.161309612912895931e-02
2.241408664338153875e-02 2.241529785046575754e-02
2.229155595911860507e-02 2.229276731801560149e-02
2.173694338824427863e-02 2.173815543429384600e-02
2.202327825041660442e-02 2.202325096406737223e-02
2.192912309303561222e-02 2.193033490097882551e-02
2.147253506957163410e-02 2.147250846558088760e-02
2.154863307348229770e-02 2.154984535284413388e-02
2.184270671571333575e-02 2.184267965308819837e-02
2.171114745471523777e-02 2.171235953272539210e-02
2.186076386918366088e-02 2.186197576182242336e-02
2.163375965412812213e-02 2.163497182802003038e-02
2.106753891316572730e-02 2.106751281095616338e-02
2.085601225822761307e-02 2.085598641809484344e-02
2.059547332958432467e-02 2.059668678988976764e-02
2.099788989263732392e-02 2.099910285435764579e-02
2.050260796887978451e-02 2.050382154424333636e-02
2.062642844981917023e-02 2.062640289413560438e-02
2.064448560328949883e-02 2.064569900286982937e-02
2.060708149967239305e-02 2.060829494559557329e-02
2.084440408813954468e-02 2.084437826238903779e-02
2.019821595323713012e-02 2.019819092809927233e-02
2.038007728461685431e-02 2.038129101179318031e-02
2.032332623085296788e-02 2.032454002834258033e-02
1.975065650650831284e-02 1.975187101352290919e-02
2.028463233055941006e-02 2.028584617598989948e-02
1.971196260621475502e-02 1.971193818353391899e-02
2.042135077826331621e-02 2.042132547666639791e-02
1.985641983397737342e-02 1.985763420995356743e-02
1.975839528656702510e-02 1.975960978399344398e-02
2.004473014873935435e-02 2.004594429140327955e-02
1.896774992390199560e-02 1.896896540092033942e-02
1.827254951529441035e-02 1.827252687601420289e-02
1.909028060816492928e-02 1.909149593337049200e-02
1.901031321422490955e-02 1.901028966087197833e-02
1.897935809399006399e-02 1.898057355662614160e-02
1.898709687404877625e-02 1.898831232709667638e-02
1.836283528264604295e-02 1.836405150914009743e-02
1.859886807443674600e-02 1.859884503085514063e-02
1.882845188284518884e-02 1.882966753245068903e-02
1.808810859056178555e-02 1.808932515743606403e-02
1.832930056905829330e-02 1.833051683710110874e-02
1.852921905390834262e-02 1.852919609662031716e-02
1.800814119662176582e-02 1.800935786257385970e-02
1.777597779486041890e-02 1.777595577082146522e-02
1.770116958762620735e-02 1.770238663390925893e-02
1.763281036377425601e-02 1.763402749475285677e-02
1.835896589261668682e-02 1.836018212390483004e-02
1.829834544882344774e-02 1.829956175521896267e-02
1.788303091900592806e-02 1.788424773996685757e-02
1.799653302653369744e-02 1.799651072923174472e-02
1.800427180659240969e-02 1.800424949970228297e-02
1.839379040288088851e-02 1.839500659102224350e-02
1.765086751724458114e-02 1.765208462585077590e-02
1.733486733151386183e-02 1.733608483163721556e-02
1.727295709104416724e-02 1.727417466787292688e-02
1.695824670198989997e-02 1.695822569110148198e-02
1.611858906561969632e-02 1.611980807268462157e-02
1.723684278410351350e-02 1.723682142804078277e-02
1.706787941948831322e-02 1.706909725040372042e-02
1.659710363258335916e-02 1.659832204677944012e-02
1.695437731196054384e-02 1.695559528350252393e-02
1.656485871567206156e-02 1.656483819218256340e-02
1.658936485252464690e-02 1.659058327630890534e-02
1.741612452213033013e-02 1.741734192157784467e-02
1.724845095419158189e-02 1.724966856138289775e-02
1.671705472349338875e-02 1.671703401143644074e-02
1.631592795711684155e-02 1.631714671968329325e-02
1.643974843805622379e-02 1.643972806957556473e-02
1.630818917705812929e-02 1.630940794921275847e-02
1.657259749573077381e-02 1.657381594028940752e-02
1.628110344685263985e-02 1.628232225256588325e-02
1.553689076453987870e-02 1.553811049231599087e-02
1.609408292876710750e-02 1.609530196619459244e-02
1.629271161694070477e-02 1.629269143063537609e-02
1.668609960325854319e-02 1.668607892955429814e-02
1.625659731000005104e-02 1.625781614607585066e-02
1.536018861986596443e-02 1.536140856657208266e-02
1.556268669806891609e-02 1.556390639388444477e-02
1.534858044977789777e-02 1.534980041086627875e-02
1.598574000794514630e-02 1.598572020197077878e-02
1.586707871371157222e-02 1.586829803239219946e-02
1.571359290921379298e-02 1.571481241805990081e-02
1.538985394342435795e-02 1.538983487573949635e-02
1.535244983980725217e-02 1.535366979610154788e-02
1.490875978310779101e-02 1.490998028912414279e-02
1.554591934127504127e-02 1.554590008022864109e-02
1.505708640089976208e-02 1.505830672314275274e-02
1.603475228165032046e-02 1.603597139258714985e-02
1.551238462768729162e-02 1.551360438582596001e-02
1.491520876649005123e-02 1.491519028687994866e-02
1.474495560519839717e-02 1.474617631416446153e-02
1.534858044977789777e-02 1.534980041086627875e-02
1.477978011546259886e-02 1.478100078128187500e-02
1.476301275866872403e-02 1.476299446762607132e-02
1.490746998643133897e-02 1.490745151640941214e-02
1.486877608613778115e-02 1.486999664169303889e-02
1.428320839502860741e-02 1.428442967608914080e-02
1.454116773031899172e-02 1.454238869177367811e-02
1.413488177723663634e-02 1.413610324207053084e-02
1.373633460421299149e-02 1.373631758520161249e-02
1.433351046541023188e-02 1.433473168414762557e-02
1.419679201770632920e-02 1.419801340583481952e-02
1.413875116726599247e-02 1.413873364966949063e-02
1.346031811545228031e-02 1.346030143841915779e-02
1.397494698935659863e-02 1.397616865234611871e-02
1.402395926306177106e-02 1.402518086532618044e-02
1.430513493852829041e-02 1.430635619242232558e-02
1.415293893070696321e-02 1.415416037316844823e-02
1.422903693461762681e-02 1.422901930515907930e-02
1.417615527088309825e-02 1.417737668458005779e-02
1.486619649278487706e-02 1.486741705153619454e-02
1.452569017020156894e-02 1.452567217319629574e-02
1.481847401575615668e-02 1.481845565599824652e-02
1.448441667655510703e-02 1.448563770832307987e-02
1.428320839502860741e-02 1.428442967608914080e-02
1.476172296199227199e-02 1.476294365018395588e-02
1.405620417997306866e-02 1.405618676465043848e-02
1.505192721419395391e-02 1.505314754282906058e-02
1.433995944879249210e-02 1.434118065953973904e-02
1.422903693461762681e-02 1.422901930515907930e-02
1.413230218388373226e-02 1.413352365191368649e-02
1.447151870979058834e-02 1.447150077990254358e-02
1.398655515944466528e-02 1.398777680805192263e-02
1.362025290333231803e-02 1.362147500577987926e-02
1.297922395513571164e-02 1.298044685180380423e-02
1.342033441848227045e-02 1.342031779098805389e-02
1.327587719071965551e-02 1.327709971984102240e-02
1.280639120049115523e-02 1.280761431129516341e-02
1.338550990821806876e-02 1.338549332387064215e-02
1.257035840870045218e-02 1.257034283430750327e-02
1.358284879971521225e-02 1.358407094850562144e-02
1.333649763451289459e-02 1.333772008852688803e-02
1.323202410372028952e-02 1.323324668717465111e-02
1.266709315943434673e-02 1.266831644282551302e-02
1.324105268045545382e-02 1.324103627508730133e-02
1.268257071955176951e-02 1.268379398376658605e-02
1.291602391798956848e-02 1.291724689296109251e-02
1.203896217800225904e-02 1.203894726199735733e-02
1.221953371270552945e-02 1.221951857297653293e-02
1.148692920048083668e-02 1.148815394606875553e-02
1.066790831093386398e-02 1.066913407127034925e-02
1.168426809197798018e-02 1.168549259306742721e-02
1.092199825619489389e-02 1.092322370171961918e-02
1.157721496783247102e-02 1.157720062392203486e-02
1.092457784954779798e-02 1.092580329187646353e-02
1.148950879383374077e-02 1.148949455858929228e-02
1.075045529822678779e-02 1.075168095628940140e-02
1.079946757193196022e-02 1.079945419163315552e-02
1.052345108317124904e-02 1.052467702248700843e-02
1.085105943899003847e-02 1.085228497240637094e-02
1.040349999226121945e-02 1.040472608019369846e-02
1.020616110076407596e-02 1.020614845555871918e-02
1.022163866088149874e-02 1.022286497413609982e-02
9.977867089032085163e-03 9.979093704314212498e-03
9.761181247388161022e-03 9.761169153502892784e-03
1.033901015843862424e-02 1.034023632627256370e-02
9.968838512296920862e-03 9.968826161128945332e-03
9.846307828033988921e-03 9.847534606315098624e-03
9.467107605157122976e-03 9.468334853258828301e-03
1.005654468629565285e-02 1.005777120409799552e-02
9.637360766448777039e-03 9.637348825974313693e-03
9.249131966836748528e-03 9.249120507369085545e-03
9.848887421386893007e-03 9.850114196471942973e-03
9.219466643278353274e-03 9.220694198201671854e-03
9.317491190688699867e-03 9.318718624161797040e-03
8.697098989315324435e-03 8.697088213804176141e-03
8.927972594400219314e-03 8.929200510478145850e-03
9.178193149631891368e-03 9.178181778055837306e-03
8.900886864194728146e-03 8.902114813831268902e-03
9.385850414540651207e-03 9.385838785681889854e-03
9.015678768398949564e-03 9.016906575810888433e-03
8.209555845616497288e-03 8.210784651796709105e-03
9.197540099778670278e-03 9.198767681868487076e-03
8.934421577782477794e-03 8.934410508233949985e-03
8.962797104664421005e-03 8.962785999959249975e-03
9.055662465368959427e-03 9.056890223241990598e-03
8.640347935551439748e-03 8.641576207989885502e-03
9.025997141810564173e-03 9.027224936438269301e-03
9.375532041129036598e-03 9.375520425054508986e-03
8.987303241517008087e-03 8.988531084085588443e-03
8.826078656960516591e-03 8.827306699282753272e-03
8.885409304077305365e-03 8.885398295253888259e-03
8.599074441904977842e-03 8.599063787844050955e-03
8.435270263995583995e-03 8.436498790520679039e-03
8.423662093907515608e-03 8.424890634814875129e-03
8.570698915023036366e-03 8.571927273755060306e-03
8.085735364677111570e-03 8.086964324268130014e-03
8.047041464383553749e-03 8.047031494279141550e-03
8.166992555293583339e-03 8.166982436572451515e-03
8.337245716585237401e-03 8.338474364560553853e-03
7.751678025476063660e-03 7.752907398956654893e-03
8.103792518147438437e-03 8.103782477729739794e-03
7.467922756656640224e-03 7.469152481703663672e-03
8.107661908176794566e-03 8.108890840601316527e-03
7.625277951183775590e-03 7.625268503634922979e-03
7.607220797713448723e-03 7.608450350173314065e-03
7.684608598300563496e-03 7.684599077242366440e-03
8.050910854412909878e-03 8.052139857150718283e-03
6.913310185782312912e-03 6.914540597981909051e-03
7.300249188717890247e-03 7.301479121508715024e-03
7.297669595364987029e-03 7.297660553715560466e-03
7.620118764477967419e-03 7.620109323321232545e-03
7.798110705828332871e-03 7.799340021779871401e-03
7.409881906216304361e-03 7.411111703174643253e-03
7.478241130068255700e-03 7.478231864694736934e-03
7.545310557243755864e-03 7.546540186409025387e-03
7.031971480015890459e-03 7.033201745196795973e-03
7.238338948248198255e-03 7.238329980108117005e-03
6.884934658900370569e-03 6.886165106256609929e-03
6.964902052840390295e-03 6.966132401118815994e-03
6.495416062611890015e-03 6.495408014936649398e-03
6.574093659875456831e-03 6.575324492356741761e-03
7.007465343163303377e-03 7.007456661070456637e-03
6.855269335341977049e-03 6.856499819452887765e-03
6.634714103668697648e-03 6.635944861042608264e-03
6.713391700932265331e-03 6.713383383190083681e-03
6.577963049904812960e-03 6.579193877592010020e-03
6.812706045019063100e-03 6.812697604228631042e-03
6.472199722435754976e-03 6.473430681161350050e-03
6.341930258114110777e-03 6.343161378240658350e-03
6.074942346088563032e-03 6.074934819370853868e-03
5.915007558208523579e-03 5.916239207282749345e-03
6.602469186757399175e-03 6.602461006445732410e-03
5.994974952148543305e-03 5.996206502144955409e-03
5.991105562119187176e-03 5.992337116909688018e-03
5.795056467298494857e-03 5.796288264989439380e-03
5.880183047944321888e-03 5.880175762529028273e-03
5.858256504444639759e-03 5.859488223832151101e-03
6.018191292324678345e-03 6.018183835920255624e-03
5.893081014708841450e-03 5.894312690949563699e-03
5.676395173064918177e-03 5.677627117774552458e-03
5.789897280592687552e-03 5.789890107039440473e-03
5.716378870034928041e-03 5.717610765205655490e-03
5.543546115390369892e-03 5.543539247060707068e-03
5.430044007862600518e-03 5.431276257795819053e-03
5.555154285478437412e-03 5.556386380402819451e-03
5.208198979512869940e-03 5.208192526670808904e-03
4.836737536694715386e-03 4.837970521721383574e-03
5.062451955073802093e-03 5.062445682809045035e-03
5.095986668661552609e-03 5.097219332484343064e-03
4.734843599255013531e-03 4.736076710525990996e-03
4.849635503459234949e-03 4.849629494869302053e-03
4.872851843635369121e-03 4.874084783917218347e-03
4.776117092901475437e-03 4.776111175399208597e-03
4.745161972666629008e-03 4.746395071153372731e-03
4.937341677457965199e-03 4.938574537838353110e-03
4.727104819196302141e-03 4.728337940055454477e-03
4.408525040112677013e-03 4.408519578048743053e-03
4.501390400817215434e-03 4.501384823695176070e-03
3.935169659854820604e-03 3.936403761903925144e-03
4.365961749789763063e-03 4.367195318097102409e-03
4.264067812350061208e-03 4.265301506901710699e-03
4.537504707757869168e-03 4.537499085891011710e-03
4.024165630530002896e-03 4.024160644678782296e-03
4.184100418410041482e-03 4.185334212039503766e-03
4.649717018609186500e-03 4.650950235350093630e-03
4.077047294264532322e-03 4.078281220530420755e-03
3.958386000030954775e-03 3.958381095679225359e-03
4.098973837764214451e-03 4.098968759227297927e-03
4.211186148615532650e-03 4.212419908686379846e-03
3.837145112444474444e-03 3.838379335943801259e-03
4.070598310882272107e-03 4.071832245138307278e-03
3.786843042062849104e-03 3.788077327885316491e-03
4.008688070412580115e-03 4.008683103737710127e-03
3.922271693090301041e-03 3.922266833483389718e-03
3.611430694065387737e-03 3.612665197219830891e-03
3.661732764447012643e-03 3.662967205278315659e-03
3.411512209215339288e-03 3.412746960064314428e-03
3.745569548416387631e-03 3.745564907739481943e-03
3.659153171094108557e-03 3.660387615121470442e-03
3.256736608041108441e-03 3.257971550653592299e-03
3.562418420360214440e-03 3.563652984239768732e-03
3.325095831893060214e-03 3.326330689809994454e-03
3.677210324564435858e-03 3.677205768583079355e-03
3.112279380278493070e-03 3.112275524233942998e-03
3.574026590448281526e-03 3.575261139945573076e-03
3.299299898364021957e-03 3.300534788241540982e-03
3.399904039127271769e-03 3.399899826722202045e-03
3.032311986338473778e-03 3.033547207008044540e-03
2.932997642251675575e-03 2.934232985969497613e-03
2.721470987313560040e-03 2.722706593108177239e-03
2.613128066491598404e-03 2.614363806520671619e-03
2.930418048898771489e-03 2.930414418176343922e-03
3.406353022509531550e-03 3.406348802114315521e-03
3.033601783014925387e-03 3.034837002086467582e-03
2.433846328464780908e-03 2.435082290619918193e-03
2.824654721429713938e-03 2.825890199381991992e-03
2.433846328464780908e-03 2.433843312983609720e-03
2.931707845575223532e-03 2.932943190891075004e-03
2.350009544495405920e-03 2.351245610522443436e-03
2.463511652023174861e-03 2.464747577423639924e-03
2.874956791811338844e-03 2.874953229804168287e-03
2.439005515170588646e-03 2.440241470933609061e-03
2.232638046938280850e-03 2.232635280749670648e-03
2.658270950167415572e-03 2.659506634265465519e-03
1.796686770297530218e-03 1.797923521879110989e-03
2.552507622698358021e-03 2.552504460198496642e-03
2.159119636380520905e-03 2.160355938915885666e-03
1.552915198448116645e-03 1.554152252057223235e-03
2.442874905199944342e-03 2.444110856168876886e-03
1.923086844589818939e-03 1.924323439564534213e-03
1.772180633444943787e-03 1.772178437752771436e-03
2.119135939410511475e-03 2.119133313848474160e-03
2.253274793761511369e-03 2.254510979640742159e-03
1.698662222887184058e-03 1.699899095918986670e-03
1.984997085059511147e-03 1.986233603328823108e-03
1.234335419364491300e-03 1.234333890050511159e-03
1.604507065506193594e-03 1.605744055194130611e-03
2.219740080173761287e-03 2.220976307601752169e-03
1.046025104602510370e-03 1.047262786237107297e-03
1.741225513210097574e-03 1.741223355870626880e-03
7.222861388130775041e-04 7.235242215530129353e-04
1.011200594338308462e-03 1.011199341483386225e-03
2.837552688194233013e-05 2.961446936160757852e-05
2.208131910085694202e-03 2.209368151895947825e-03
0.000000000000000000e+00 0.000000000000000000e+00
2.444164701876396385e-03 2.445400651247299495e-03
5.739595210211062212e-04 5.751977875344040656e-04
1.640621372446847545e-03 1.641858317389965818e-03
2.360327917907021017e-04 2.372714769876601161e-04
1.035706731190895111e-03 1.035705447973417305e-03
1.794107176944626349e-03 1.794104954085957082e-03
9.105964535750584333e-04 9.118343030027252711e-04
2.811756754665194376e-03 2.812992248597765473e-03
3.032311986338473778e-03 3.032308229371736066e-03
5.730566633475898779e-03 5.731798511068305485e-03
1.774760226797847656e-03 1.775997005545925343e-03
7.065506193603640107e-03 7.066736417235785529e-03
1.719298969710414795e-03 1.720535817173749708e-03
5.103725448720263999e-03 5.104958102954879583e-03
4.986353951163138495e-03 4.986347773182106362e-03
3.266410083114498070e-02 3.266406036105453520e-02